total times 42589431
evicted_bits 8330550406 195
optimal_bits 8330550406 195
sample_bits 0 0
sample_hit 0
evicted_is_optimal 42589431
evicted_nearby_bits 0 0
optimal_nearby_bits 0 0
nearby_times 1
hit_in_miss 91304
hit_in_hit 84151
miss_in_miss 42437851
miss_in_hit 184348
hit rate = 0.00409964
zero input 31842
zero diff 2684
zero optimal 2684
wb times 15889884 old: 15889564
code diff
0 27293277
1 6254408
2 2316685
3 430668
4 811054
5 178345
6 613699
7 4489963
8 201332
9 0
10 0
11 0
12 0
13 0
14 0
15 0
16 0
17 0
18 0
19 0
20 0
21 0
22 0
23 0
24 0
25 0
26 0
27 0
28 0
29 0
30 0
31 0
32 0
33 0
34 0
35 0
36 0
37 0
38 0
39 0
40 0
41 0
42 0
43 0
44 0
45 0
46 0
47 0
48 0
49 0
50 0
51 0
52 0
53 0
54 0
55 0
56 0
57 0
58 0
59 0
60 0
61 0
62 0
63 0
64 0
