total times 11532944
evicted_bits 550388759 47
optimal_bits 550388759 47
sample_bits 0 0
sample_hit 0
evicted_is_optimal 11532944
evicted_nearby_bits 0 0
optimal_nearby_bits 0 0
nearby_times 1
hit_in_miss 77409
hit_in_hit 90288443
miss_in_miss 10718889
miss_in_hit 846823
hit rate = 0.886535
zero input 2747590
zero diff 2097288
zero optimal 2097288
wb times 93662671 old: 93662181
code diff
0 9257972
1 2196937
2 27701
3 17118
4 10725
5 7355
6 5897
7 2996
8 6243
9 0
10 0
11 0
12 0
13 0
14 0
15 0
16 0
17 0
18 0
19 0
20 0
21 0
22 0
23 0
24 0
25 0
26 0
27 0
28 0
29 0
30 0
31 0
32 0
33 0
34 0
35 0
36 0
37 0
38 0
39 0
40 0
41 0
42 0
43 0
44 0
45 0
46 0
47 0
48 0
49 0
50 0
51 0
52 0
53 0
54 0
55 0
56 0
57 0
58 0
59 0
60 0
61 0
62 0
63 0
64 0
