total times 35834836
evicted_bits 1881396072 52
optimal_bits 1881396072 52
sample_bits 0 0
sample_hit 0
evicted_is_optimal 35834836
evicted_nearby_bits 0 0
optimal_nearby_bits 0 0
nearby_times 1
hit_in_miss 3290118
hit_in_hit 1804159
miss_in_miss 32296090
miss_in_hit 3571514
hit rate = 0.124366
zero input 24717
zero diff 285
zero optimal 285
wb times 18136983 old: 18132905
code diff
0 22435965
1 7047170
2 1919978
3 1744464
4 1608466
5 912972
6 144828
7 20202
8 791
9 0
10 0
11 0
12 0
13 0
14 0
15 0
16 0
17 0
18 0
19 0
20 0
21 0
22 0
23 0
24 0
25 0
26 0
27 0
28 0
29 0
30 0
31 0
32 0
33 0
34 0
35 0
36 0
37 0
38 0
39 0
40 0
41 0
42 0
43 0
44 0
45 0
46 0
47 0
48 0
49 0
50 0
51 0
52 0
53 0
54 0
55 0
56 0
57 0
58 0
59 0
60 0
61 0
62 0
63 0
64 0
