total times 58293165
evicted_bits 5486989726 94
optimal_bits 5486989726 94
sample_bits 0 0
sample_hit 0
evicted_is_optimal 58293165
evicted_nearby_bits 0 0
optimal_nearby_bits 0 0
nearby_times 1
hit_in_miss 1656145
hit_in_hit 26746495
miss_in_miss 31051274
miss_in_hit 27274659
hit rate = 0.327489
zero input 16934400
zero diff 6582830
zero optimal 6582830
wb times 46549120 old: 46547846
code diff
0 40632354
1 7292949
2 6760103
3 1415241
4 833835
5 341663
6 530248
7 143310
8 343462
9 0
10 0
11 0
12 0
13 0
14 0
15 0
16 0
17 0
18 0
19 0
20 0
21 0
22 0
23 0
24 0
25 0
26 0
27 0
28 0
29 0
30 0
31 0
32 0
33 0
34 0
35 0
36 0
37 0
38 0
39 0
40 0
41 0
42 0
43 0
44 0
45 0
46 0
47 0
48 0
49 0
50 0
51 0
52 0
53 0
54 0
55 0
56 0
57 0
58 0
59 0
60 0
61 0
62 0
63 0
64 0
