total times 82060174
evicted_bits 8520021937 103
optimal_bits 8520021937 103
sample_bits 0 0
sample_hit 0
evicted_is_optimal 82060174
evicted_nearby_bits 0 0
optimal_nearby_bits 0 0
nearby_times 1
hit_in_miss 358180
hit_in_hit 150258
miss_in_miss 82084234
miss_in_hit 8708
hit rate = 0.00615532
zero input 26205
zero diff 553360
zero optimal 553360
wb times 61849448 old: 61849378
code diff
0 32623974
1 43367679
2 5877025
3 71689
4 27785
5 33080
6 27408
7 14809
8 16725
9 0
10 0
11 0
12 0
13 0
14 0
15 0
16 0
17 0
18 0
19 0
20 0
21 0
22 0
23 0
24 0
25 0
26 0
27 0
28 0
29 0
30 0
31 0
32 0
33 0
34 0
35 0
36 0
37 0
38 0
39 0
40 0
41 0
42 0
43 0
44 0
45 0
46 0
47 0
48 0
49 0
50 0
51 0
52 0
53 0
54 0
55 0
56 0
57 0
58 0
59 0
60 0
61 0
62 0
63 0
64 0
