total times 23898530
evicted_bits 2596405790 108
optimal_bits 2596405790 108
sample_bits 0 0
sample_hit 0
evicted_is_optimal 23898530
evicted_nearby_bits 0 0
optimal_nearby_bits 0 0
nearby_times 1
hit_in_miss 52029
hit_in_hit 42826
miss_in_miss 23904864
miss_in_hit 26434
hit rate = 0.00394799
zero input 4080229
zero diff 2537253
zero optimal 2537253
wb times 2380084 old: 2379944
code diff
0 3667471
1 2181218
2 4452398
3 5368288
4 4613427
5 2651664
6 780261
7 113396
8 70407
9 0
10 0
11 0
12 0
13 0
14 0
15 0
16 0
17 0
18 0
19 0
20 0
21 0
22 0
23 0
24 0
25 0
26 0
27 0
28 0
29 0
30 0
31 0
32 0
33 0
34 0
35 0
36 0
37 0
38 0
39 0
40 0
41 0
42 0
43 0
44 0
45 0
46 0
47 0
48 0
49 0
50 0
51 0
52 0
53 0
54 0
55 0
56 0
57 0
58 0
59 0
60 0
61 0
62 0
63 0
64 0
