total times 66232978
evicted_bits 7238574616 109
optimal_bits 7238574616 109
sample_bits 0 0
sample_hit 0
evicted_is_optimal 66232978
evicted_nearby_bits 0 0
optimal_nearby_bits 0 0
nearby_times 1
hit_in_miss 1815612
hit_in_hit 18647215
miss_in_miss 30891807
miss_in_hit 35373939
hit rate = 0.235941
zero input 20860584
zero diff 7879698
zero optimal 7879698
wb times 46549120 old: 46547846
code diff
0 39165916
1 6528174
2 5912211
3 1756789
4 1352039
5 984084
6 2770098
7 1996695
8 5766972
9 0
10 0
11 0
12 0
13 0
14 0
15 0
16 0
17 0
18 0
19 0
20 0
21 0
22 0
23 0
24 0
25 0
26 0
27 0
28 0
29 0
30 0
31 0
32 0
33 0
34 0
35 0
36 0
37 0
38 0
39 0
40 0
41 0
42 0
43 0
44 0
45 0
46 0
47 0
48 0
49 0
50 0
51 0
52 0
53 0
54 0
55 0
56 0
57 0
58 0
59 0
60 0
61 0
62 0
63 0
64 0
