total times 42537360
evicted_bits 8532682797 200
optimal_bits 8532682797 200
sample_bits 0 0
sample_hit 0
evicted_is_optimal 42537360
evicted_nearby_bits 0 0
optimal_nearby_bits 0 0
nearby_times 1
hit_in_miss 179999
hit_in_hit 47527
miss_in_miss 42349156
miss_in_hit 220972
hit rate = 0.00531632
zero input 33601
zero diff 1542
zero optimal 1542
wb times 15889884 old: 15889564
code diff
0 24602544
1 5779438
2 2340868
3 430461
4 1974604
5 298007
6 1483032
7 5026885
8 601521
9 0
10 0
11 0
12 0
13 0
14 0
15 0
16 0
17 0
18 0
19 0
20 0
21 0
22 0
23 0
24 0
25 0
26 0
27 0
28 0
29 0
30 0
31 0
32 0
33 0
34 0
35 0
36 0
37 0
38 0
39 0
40 0
41 0
42 0
43 0
44 0
45 0
46 0
47 0
48 0
49 0
50 0
51 0
52 0
53 0
54 0
55 0
56 0
57 0
58 0
59 0
60 0
61 0
62 0
63 0
64 0
