total times 39674385
evicted_bits 2726339987 68
optimal_bits 2726339987 68
sample_bits 0 0
sample_hit 0
evicted_is_optimal 39674385
evicted_nearby_bits 0 0
optimal_nearby_bits 0 0
nearby_times 1
hit_in_miss 806244
hit_in_hit 448484
miss_in_miss 34779964
miss_in_hit 4927189
hit rate = 0.0306316
zero input 24357
zero diff 240
zero optimal 240
wb times 18136983 old: 18132905
code diff
0 19972462
1 6513208
2 1948712
3 2697584
4 3886799
5 3690393
6 746030
7 190619
8 28578
9 0
10 0
11 0
12 0
13 0
14 0
15 0
16 0
17 0
18 0
19 0
20 0
21 0
22 0
23 0
24 0
25 0
26 0
27 0
28 0
29 0
30 0
31 0
32 0
33 0
34 0
35 0
36 0
37 0
38 0
39 0
40 0
41 0
42 0
43 0
44 0
45 0
46 0
47 0
48 0
49 0
50 0
51 0
52 0
53 0
54 0
55 0
56 0
57 0
58 0
59 0
60 0
61 0
62 0
63 0
64 0
