total times 35034348
evicted_bits 1661587033 47
optimal_bits 1661587033 47
sample_bits 0 0
sample_hit 0
evicted_is_optimal 35034348
evicted_nearby_bits 0 0
optimal_nearby_bits 0 0
nearby_times 1
hit_in_miss 3889388
hit_in_hit 2005377
miss_in_miss 31696820
miss_in_hit 3370296
hit rate = 0.143909
zero input 23649
zero diff 556
zero optimal 556
wb times 18136983 old: 18132905
code diff
0 23245372
1 7509151
2 1740830
3 1254394
4 887397
5 353576
6 41382
7 2197
8 49
9 0
10 0
11 0
12 0
13 0
14 0
15 0
16 0
17 0
18 0
19 0
20 0
21 0
22 0
23 0
24 0
25 0
26 0
27 0
28 0
29 0
30 0
31 0
32 0
33 0
34 0
35 0
36 0
37 0
38 0
39 0
40 0
41 0
42 0
43 0
44 0
45 0
46 0
47 0
48 0
49 0
50 0
51 0
52 0
53 0
54 0
55 0
56 0
57 0
58 0
59 0
60 0
61 0
62 0
63 0
64 0
