	 	 all	 	 	 	 p4	 	 	 	 p8	 	 	 	 p16	 		 	 lru
gobmk 	 	53758808	 21	0.112914	60890941	 24	0.140784	58439588	 30	0.334146	44655123	 54	0.703611	40074416	 77	0.809100	44978125	 101	0.834966	

astar 	 	1354225291	 38	0.079114	1318648181	 42	0.173616	1080844144	 44	0.355897	749259251	 55	0.644322	684677682	 65	0.724317	760751987	 78	0.742786	

mcf 	 	726969593	 19	0.068124	709309363	 19	0.096563	739495351	 20	0.130787	959584552	 27	0.136708	1499452277	 39	0.061299	2413034206	 59	0.012524	

bzip2 	 	805534072	 101	0.410545	805475696	 108	0.445131	732915974	 112	0.513598	552168648	 120	0.656868	428869930	 131	0.755975	464071123	 151	0.771188	

h264 	 	57075832	 58	0.751860	89887768	 68	0.668313	116830120	 76	0.616984	77914932	 78	0.746618	34726040	 85	0.891403	26247179	 120	0.938123	

hmmer 	 	458268359	 96	0.433179	469289957	 98	0.427133	477190269	 99	0.425152	494335380	 101	0.418795	542276208	 106	0.393064	631681757	 121	0.378759	

libquantum 	 	485758380	 7	0.002077	687436950	 10	0.002161	727697137	 11	0.002175	830061146	 12	0.002217	944528258	 14	0.002232	634981622	 9	0.001190	

