	 	 all	 	 	 	 p4	 	 	 	 p8	 	 	 	 p16	 		 	 lru
gobmk 	 	32663012	 23	0.517535	33216520	 25	0.540675	36709778	 48	0.727064	38023513	 73	0.810768	44978125	 101	0.834966	

astar 	 	667429905	 45	0.612454	667042207	 47	0.624875	646834910	 55	0.692337	661171148	 64	0.729636	760751987	 78	0.742786	

mcf 	 	1124674857	 29	0.070084	1125092884	 29	0.070021	1169642630	 30	0.066335	1555146448	 39	0.036929	2413034206	 59	0.012524	

bzip2 	 	483936976	 95	0.623924	487878823	 104	0.650516	463172949	 116	0.703117	416912053	 131	0.761923	464071123	 151	0.771188	

h264 	 	35097507	 68	0.865131	36865247	 71	0.864317	37520664	 76	0.870440	30451174	 85	0.904450	26247179	 120	0.938123	

hmmer 	 	559921596	 107	0.378028	562358307	 108	0.376961	562668902	 108	0.376889	566061825	 108	0.375986	631681757	 121	0.378759	

libquantum 	 	951963118	 14	0.002172	922075033	 14	0.002177	897134856	 13	0.002190	912920682	 14	0.002195	634981622	 9	0.001190	

