total times 5401404
evicted_bits 653897381 121
optimal_bits 502092341 92
sample_bits 655067925 121
sample_hit 487655
evicted_is_optimal 110127
evicted_nearby_bits 19124271 108
optimal_nearby_bits 15870785 89
nearby_times 176676
hit_in_miss 0
hit_in_hit 2980675
miss_in_miss 2853429
miss_in_hit 2580743
hit rate = 0.354216
zero input 31570
zero diff 2054
zero optimal 51003
wb times 8081536 old: 8081383
0 354738
1 176304
2 110791
3 88166
4 88209
5 70705
6 66832
7 67301
8 77917
9 74879
10 72281
11 81728
12 82195
13 73834
14 73686
15 73483
16 77474
17 77682
18 76764
19 77099
20 75893
21 74612
22 76109
23 77783
24 79544
25 83480
26 82111
27 86384
28 83071
29 83778
30 85620
31 87011
32 84243
33 78048
34 77420
35 78170
36 75846
37 77346
38 78718
39 76754
40 78371
41 77432
42 77361
43 77313
44 76953
45 77210
46 74644
47 75214
48 75667
49 74944
50 76589
51 76968
52 77379
53 77509
54 75761
55 75002
56 74547
57 75385
58 76958
59 79558
60 77886
61 79098
62 81187
63 88459
