total times 3086084
evicted_bits 469117139 152
optimal_bits 305881664 99
sample_bits 481375035 155
sample_hit 566090
evicted_is_optimal 137535
evicted_nearby_bits 3657098 127
optimal_nearby_bits 3189536 111
nearby_times 28733
hit_in_miss 0
hit_in_hit 10376257
miss_in_miss 698266
miss_in_hit 2420586
hit rate = 0.76889
zero input 296269
zero diff 7002
zero optimal 353482
wb times 6483506 old: 6483055
0 441686
1 213747
2 116462
3 69687
4 61437
5 59546
6 54447
7 52490
8 50672
9 48432
10 47487
11 48107
12 46539
13 45266
14 43887
15 44175
16 42376
17 41212
18 39628
19 38657
20 38040
21 37223
22 36517
23 35735
24 34786
25 33934
26 32461
27 31684
28 31017
29 30452
30 30080
31 29699
32 29301
33 28799
34 28700
35 28301
36 28152
37 28156
38 27849
39 28017
40 28101
41 28665
42 28448
43 28588
44 29021
45 29351
46 29521
47 29914
48 30069
49 31019
50 32069
51 33324
52 34508
53 35377
54 36420
55 37365
56 38541
57 39389
58 40022
59 41224
60 42713
61 44661
62 48011
63 54920
