total times 5249178
evicted_bits 637963473 121
optimal_bits 490166381 93
sample_bits 637583913 121
sample_hit 462063
evicted_is_optimal 98048
evicted_nearby_bits 7484405 105
optimal_nearby_bits 6397714 89
nearby_times 71111
hit_in_miss 29
hit_in_hit 3132872
miss_in_miss 2853400
miss_in_hit 2428546
hit rate = 0.372306
zero input 31460
zero diff 940
zero optimal 41186
wb times 8081536 old: 8081383
0 340934
1 152930
2 88580
3 67877
4 84894
5 79685
6 75782
7 75211
8 83780
9 83578
10 78818
11 74371
12 77716
13 78362
14 76171
15 77270
16 76171
17 76293
18 76744
19 75228
20 74507
21 73612
22 72994
23 71750
24 73643
25 77381
26 77623
27 76193
28 79338
29 79325
30 81007
31 78221
32 76630
33 75589
34 74543
35 75291
36 75877
37 74963
38 74686
39 74612
40 75369
41 75310
42 75120
43 74169
44 75397
45 76248
46 74509
47 72920
48 73872
49 73465
50 74077
51 76260
52 77369
53 77938
54 77493
55 79534
56 78892
57 78475
58 77670
59 77693
60 76237
61 75937
62 76566
63 80478
