total times 665726
evicted_bits 64583701 97
optimal_bits 39872744 59
sample_bits 68817571 103
sample_hit 180871
evicted_is_optimal 52277
evicted_nearby_bits 15522354 77
optimal_nearby_bits 11204614 55
nearby_times 200134
hit_in_miss 0
hit_in_hit 3358776
miss_in_miss 138829
miss_in_hit 559665
hit rate = 0.827841
zero input 54784
zero diff 20248
zero optimal 60219
wb times 1990674 old: 1990625
0 71099
1 37130
2 35075
3 27492
4 22751
5 20051
6 14197
7 7817
8 8870
9 9457
10 9255
11 8103
12 7371
13 7024
14 7111
15 6577
16 7004
17 7273
18 7642
19 7049
20 6788
21 6265
22 6138
23 6097
24 6630
25 6806
26 6902
27 6611
28 6496
29 6424
30 6241
31 6209
32 6299
33 6471
34 6619
35 6641
36 6507
37 6377
38 6318
39 6304
40 6305
41 6420
42 6651
43 6715
44 6601
45 6810
46 6835
47 6854
48 7028
49 7125
50 7228
51 7432
52 7655
53 7705
54 7845
55 8137
56 8185
57 8819
58 9749
59 10589
60 11730
61 13109
62 14719
63 17989
