total times 6898768
evicted_bits 793559683 115
optimal_bits 654246080 94
sample_bits 1134962748 164
sample_hit 1501466
evicted_is_optimal 1189272
evicted_nearby_bits 703130236 111
optimal_nearby_bits 593286021 93
nearby_times 6330547
hit_in_miss 22
hit_in_hit 6563551
miss_in_miss 698244
miss_in_hit 6233292
hit rate = 0.486367
zero input 329074
zero diff 304060
zero optimal 423641
wb times 6483506 old: 6483055
0 915983
1 610175
2 352342
3 321157
4 281510
5 260092
6 227718
7 218449
8 197889
9 194977
10 186123
11 184722
12 181651
13 178746
14 176464
15 171207
16 159455
17 153308
18 138494
19 134652
20 125964
21 124564
22 118622
23 116555
24 116741
25 115451
26 123865
27 124132
28 140642
29 146205
30 171425
31 229488
