total times 362226
evicted_bits 38109271 105
optimal_bits 21520377 59
sample_bits 40667129 112
sample_hit 113806
evicted_is_optimal 32918
evicted_nearby_bits 6853543 79
optimal_nearby_bits 4951325 57
nearby_times 86623
hit_in_miss 0
hit_in_hit 3662276
miss_in_miss 138829
miss_in_hit 256165
hit rate = 0.902645
zero input 37893
zero diff 11668
zero optimal 41982
wb times 1990674 old: 1990625
0 42002
1 17294
2 13796
3 5839
4 6172
5 6330
6 4957
7 4395
8 5289
9 4810
10 4614
11 4225
12 4390
13 4360
14 4334
15 3937
16 4105
17 4072
18 4009
19 3936
20 3763
21 3910
22 3869
23 3707
24 3772
25 3741
26 3760
27 3700
28 3754
29 3578
30 3747
31 3687
32 3686
33 3848
34 3667
35 3826
36 3897
37 4034
38 3956
39 4001
40 4064
41 4152
42 4199
43 4115
44 4185
45 4239
46 4612
47 4501
48 4661
49 4720
50 4801
51 4834
52 4938
53 5068
54 5139
55 5464
56 5657
57 5884
58 6183
59 6674
60 6842
61 7800
62 8915
63 11810
