total times 4223646
evicted_bits 583563730 138
optimal_bits 404093875 95
sample_bits 654411716 154
sample_hit 721286
evicted_is_optimal 256918
evicted_nearby_bits 163114468 110
optimal_nearby_bits 129627037 87
nearby_times 1481696
hit_in_miss 0
hit_in_hit 9238695
miss_in_miss 698266
miss_in_hit 3558148
hit rate = 0.684596
zero input 311613
zero diff 39804
zero optimal 383044
wb times 6483506 old: 6483055
0 493776
1 281825
2 207292
3 161965
4 130942
5 109502
6 90974
7 77405
8 74516
9 72015
10 69624
11 67159
12 64655
13 63152
14 60407
15 59209
16 57940
17 56343
18 55254
19 53767
20 52863
21 51542
22 51269
23 50279
24 49568
25 48992
26 48210
27 47030
28 46646
29 46055
30 45607
31 44374
32 44211
33 43663
34 42781
35 43285
36 42558
37 41814
38 41380
39 41004
40 40686
41 40106
42 40567
43 39957
44 39637
45 39578
46 39533
47 38737
48 38810
49 38698
50 38659
51 38489
52 38286
53 38899
54 39119
55 39554
56 39008
57 39458
58 40332
59 41636
60 44330
61 46794
62 51648
63 60272
