total times 5238286
evicted_bits 637268683 121
optimal_bits 489313059 93
sample_bits 636100661 121
sample_hit 459045
evicted_is_optimal 93538
evicted_nearby_bits 5736742 109
optimal_nearby_bits 4878177 92
nearby_times 52471
hit_in_miss 29
hit_in_hit 3143764
miss_in_miss 2853400
miss_in_hit 2417654
hit rate = 0.373601
zero input 31207
zero diff 437
zero optimal 40507
wb times 8081536 old: 8081383
0 338948
1 151573
2 88178
3 67781
4 84793
5 79371
6 75635
7 75158
8 83553
9 83445
10 78728
11 74200
12 77575
13 78072
14 76170
15 77129
16 76138
17 76185
18 76558
19 75041
20 74398
21 73465
22 72916
23 71697
24 73685
25 77241
26 77465
27 76078
28 79320
29 79009
30 80888
31 78161
32 76463
33 75388
34 74520
35 75275
36 75678
37 74804
38 74443
39 74526
40 75401
41 75309
42 75035
43 74207
44 75166
45 76048
46 74465
47 72778
48 73689
49 73508
50 73959
51 76109
52 77199
53 77835
54 77478
55 79230
56 78674
57 78395
58 77637
59 77492
60 76151
61 75927
62 76599
63 80344
