total times 3582305
evicted_bits 507372702 141
optimal_bits 343242229 95
sample_bits 554079052 154
sample_hit 629005
evicted_is_optimal 210752
evicted_nearby_bits 66777869 95
optimal_nearby_bits 52561590 75
nearby_times 696785
hit_in_miss 0
hit_in_hit 9880036
miss_in_miss 698266
miss_in_hit 2916807
hit rate = 0.73212
zero input 303397
zero diff 26517
zero optimal 360936
wb times 6483506 old: 6483055
0 464579
1 232060
2 132182
3 84026
4 75113
5 72527
6 66718
7 64113
8 61729
9 59602
10 58179
11 58379
12 56230
13 54362
14 52795
15 52773
16 50903
17 49071
18 47534
19 46149
20 45352
21 44386
22 43811
23 42699
24 41891
25 41113
26 39211
27 38740
28 37928
29 37169
30 36733
31 36557
32 35864
33 35763
34 35524
35 35155
36 35035
37 35194
38 34571
39 34408
40 35165
41 35042
42 35135
43 34945
44 35474
45 35784
46 35577
47 35837
48 36137
49 36591
50 37891
51 38788
52 39556
53 40178
54 40608
55 41896
56 42544
57 43811
58 44045
59 45185
60 46159
61 48026
62 52019
63 59784
