total times 8220146
evicted_bits 935116764 113
optimal_bits 784432881 95
sample_bits 997550826 121
sample_hit 959084
evicted_is_optimal 621491
evicted_nearby_bits 758159960 112
optimal_nearby_bits 643991878 95
nearby_times 6768213
hit_in_miss 126
hit_in_hit 161807
miss_in_miss 2853303
miss_in_hit 5399611
hit rate = 0.0192437
zero input 35409
zero diff 56945
zero optimal 75999
wb times 8081536 old: 8081383
0 870720
1 407638
2 223969
3 227859
4 216496
5 229794
6 227988
7 240290
8 228844
9 239060
10 228040
11 238828
12 223657
13 234951
14 222617
15 235367
16 231023
17 243415
18 225097
19 238209
20 225872
21 232851
22 224134
23 234041
24 230287
25 236975
26 230416
27 237315
28 226369
29 234074
30 228204
31 245746
