	 	 all	 	 	 	 p4	 	 	 	 p8	 	 	 	 p16	 		 	 lru
gobmk 	 	44646622	 17	0.129496	56250348	 30	0.352082	47111651	 47	0.645117	41370767	 72	0.790886	44978125	 101	0.834966	

astar 	 	1210827831	 39	0.194665	653422670	 52	0.670402	597080337	 61	0.742000	621513349	 67	0.757265	760751987	 78	0.742786	

mcf 	 	744193262	 19	0.071677	831567565	 23	0.127235	1087702548	 30	0.121764	1589761541	 41	0.057260	2413034206	 59	0.012524	

bzip2 	 	764863785	 97	0.417782	718220690	 111	0.521575	549834870	 119	0.657247	447800770	 132	0.747494	464071123	 151	0.771188	

h264 	 	68555577	 56	0.691348	138177499	 76	0.544257	117155729	 79	0.628728	79060122	 84	0.762476	26247179	 120	0.938123	

hmmer 	 	473320168	 93	0.394975	519473373	 100	0.378902	542644196	 103	0.375497	595245483	 110	0.355730	631681757	 121	0.378759	

libquantum 	 	543950374	 8	0.001050	738854431	 11	0.003620	874637600	 13	0.002871	1033963794	 16	0.002446	634981622	 9	0.001190	

