total times 3049218
evicted_bits 462931059 151
optimal_bits 313288498 102
sample_bits 476583933 156
sample_hit 502217
evicted_is_optimal 150503
evicted_nearby_bits 0 0
optimal_nearby_bits 0 0
nearby_times 1
hit_in_miss 0
hit_in_hit 10413123
miss_in_miss 698266
miss_in_hit 2383720
hit rate = 0.771622
zero input 295070
zero diff 6544
zero optimal 271265
wb times 6483506 old: 6483055
0 157278
1 109838
2 90162
3 78258
4 71092
5 67784
6 61872
7 59183
8 57414
9 55386
10 53501
11 53443
12 51952
13 50981
14 51573
15 48588
16 46785
17 46453
18 44028
19 42009
20 41923
21 40053
22 38943
23 38591
24 37067
25 36460
26 35696
27 35237
28 34343
29 34154
30 33443
31 33465
32 32854
33 33011
34 33262
35 32749
36 32854
37 32856
38 32960
39 33108
40 32929
41 32981
42 33197
43 33738
44 33910
45 34443
46 34986
47 35985
48 37087
49 38295
50 39859
51 41170
52 42487
53 43816
54 44822
55 46376
56 47476
57 48666
58 51441
59 52664
60 54975
61 58089
62 62050
63 67167
