total times 5224810
evicted_bits 634371004 121
optimal_bits 495252641 94
sample_bits 634974240 121
sample_hit 410873
evicted_is_optimal 96574
evicted_nearby_bits 0 0
optimal_nearby_bits 0 0
nearby_times 1
hit_in_miss 66887
hit_in_hit 3090382
miss_in_miss 2786542
miss_in_hit 2471036
hit rate = 0.375202
zero input 29392
zero diff 150
zero optimal 17509
wb times 8081536 old: 8081383
0 136672
1 75125
2 87761
3 83804
4 78963
5 78670
6 88423
7 85260
8 86776
9 84685
10 80515
11 77337
12 75625
13 77940
14 84248
15 81743
16 83164
17 82253
18 77188
19 75899
20 76923
21 80209
22 80164
23 80254
24 81011
25 82467
26 82262
27 82103
28 78285
29 78813
30 80362
31 81491
32 80165
33 78627
34 77972
35 77731
36 79170
37 79585
38 78048
39 78905
40 80550
41 81226
42 80008
43 79305
44 78923
45 79630
46 79445
47 80235
48 80846
49 81144
50 81378
51 80930
52 80741
53 79580
54 78947
55 80642
56 82785
57 85273
58 83159
59 81941
60 82338
61 83136
62 82529
63 83521
