total times 197405
evicted_bits 24060391 121
optimal_bits 12101087 61
sample_bits 24039280 121
sample_hit 69241
evicted_is_optimal 11827
evicted_nearby_bits 0 0
optimal_nearby_bits 0 0
nearby_times 1
hit_in_miss 121
hit_in_hit 3826976
miss_in_miss 138708
miss_in_hit 91465
hit rate = 0.943269
zero input 18769
zero diff 2591
zero optimal 22267
wb times 1990674 old: 1990625
0 9158
1 5756
2 4738
3 4052
4 4285
5 3930
6 3426
7 3111
8 3280
9 3278
10 3327
11 3483
12 3574
13 3342
14 3098
15 2661
16 2318
17 2157
18 2103
19 2039
20 1959
21 1904
22 1880
23 1849
24 1839
25 1772
26 1841
27 1809
28 1738
29 1817
30 1748
31 1819
32 1818
33 1927
34 2026
35 2101
36 2120
37 2187
38 2340
39 2380
40 2433
41 2649
42 2583
43 2799
44 2824
45 2875
46 2940
47 3131
48 3165
49 3174
50 3274
51 3268
52 3447
53 3563
54 3585
55 3656
56 3762
57 3859
58 4004
59 4235
60 4440
61 4542
62 5272
63 5935
