total times 23668517
evicted_bits 2567166666 108
optimal_bits 2567166666 108
sample_bits 0 0
sample_hit 0
evicted_is_optimal 23668517
evicted_nearby_bits 0 0
optimal_nearby_bits 0 0
nearby_times 1
hit_in_miss 237385
hit_in_hit 54715
miss_in_miss 23719508
miss_in_hit 14545
hit rate = 0.0121576
zero input 3999110
zero diff 2356781
zero optimal 2356781
wb times 2380084 old: 2379944
code diff
0 3406071
1 2262980
2 4320466
3 5227093
4 4416381
5 2635165
6 886614
7 226668
8 287079
9 0
10 0
11 0
12 0
13 0
14 0
15 0
16 0
17 0
18 0
19 0
20 0
21 0
22 0
23 0
24 0
25 0
26 0
27 0
28 0
29 0
30 0
31 0
32 0
33 0
34 0
35 0
36 0
37 0
38 0
39 0
40 0
41 0
42 0
43 0
44 0
45 0
46 0
47 0
48 0
49 0
50 0
51 0
52 0
53 0
54 0
55 0
56 0
57 0
58 0
59 0
60 0
61 0
62 0
63 0
64 0
