total times 1179702
evicted_bits 184949059 156
optimal_bits 184949059 156
sample_bits 0 0
sample_hit 0
evicted_is_optimal 1179702
evicted_nearby_bits 0 0
optimal_nearby_bits 0 0
nearby_times 1
hit_in_miss 211187
hit_in_hit 12038684
miss_in_miss 487079
miss_in_hit 758159
hit rate = 0.907727
zero input 180173
zero diff 45166
zero optimal 45166
wb times 6483506 old: 6483055
code diff
0 226392
1 132035
2 163413
3 181216
4 170258
5 132015
6 87530
7 53876
8 32967
9 0
10 0
11 0
12 0
13 0
14 0
15 0
16 0
17 0
18 0
19 0
20 0
21 0
22 0
23 0
24 0
25 0
26 0
27 0
28 0
29 0
30 0
31 0
32 0
33 0
34 0
35 0
36 0
37 0
38 0
39 0
40 0
41 0
42 0
43 0
44 0
45 0
46 0
47 0
48 0
49 0
50 0
51 0
52 0
53 0
54 0
55 0
56 0
57 0
58 0
59 0
60 0
61 0
62 0
63 0
64 0
