total times 33340126
evicted_bits 3128121769 93
optimal_bits 3128121769 93
sample_bits 0 0
sample_hit 0
evicted_is_optimal 33340126
evicted_nearby_bits 0 0
optimal_nearby_bits 0 0
nearby_times 1
hit_in_miss 3973971
hit_in_hit 49348940
miss_in_miss 28733448
miss_in_hit 4672214
hit rate = 0.614825
zero input 6778470
zero diff 2171613
zero optimal 2171613
wb times 46549120 old: 46547846
code diff
0 19346013
1 5042237
2 5282311
3 771439
4 413586
5 285313
6 1005945
7 371523
8 821759
9 0
10 0
11 0
12 0
13 0
14 0
15 0
16 0
17 0
18 0
19 0
20 0
21 0
22 0
23 0
24 0
25 0
26 0
27 0
28 0
29 0
30 0
31 0
32 0
33 0
34 0
35 0
36 0
37 0
38 0
39 0
40 0
41 0
42 0
43 0
44 0
45 0
46 0
47 0
48 0
49 0
50 0
51 0
52 0
53 0
54 0
55 0
56 0
57 0
58 0
59 0
60 0
61 0
62 0
63 0
64 0
