total times 17185402
evicted_bits 3631382960 211
optimal_bits 3631382960 211
sample_bits 0 0
sample_hit 0
evicted_is_optimal 17185402
evicted_nearby_bits 0 0
optimal_nearby_bits 0 0
nearby_times 1
hit_in_miss 1622478
hit_in_hit 1504370
miss_in_miss 17024475
miss_in_hit 226463
hit rate = 0.153444
zero input 200296
zero diff 2988
zero optimal 2988
wb times 1776877 old: 1767665
code diff
0 10005369
1 2072628
2 634075
3 149206
4 94868
5 213612
6 515246
7 547686
8 2952712
9 0
10 0
11 0
12 0
13 0
14 0
15 0
16 0
17 0
18 0
19 0
20 0
21 0
22 0
23 0
24 0
25 0
26 0
27 0
28 0
29 0
30 0
31 0
32 0
33 0
34 0
35 0
36 0
37 0
38 0
39 0
40 0
41 0
42 0
43 0
44 0
45 0
46 0
47 0
48 0
49 0
50 0
51 0
52 0
53 0
54 0
55 0
56 0
57 0
58 0
59 0
60 0
61 0
62 0
63 0
64 0
