total times 23641810
evicted_bits 2404818474 101
optimal_bits 2404818474 101
sample_bits 0 0
sample_hit 0
evicted_is_optimal 23641810
evicted_nearby_bits 0 0
optimal_nearby_bits 0 0
nearby_times 1
hit_in_miss 264272
hit_in_hit 54535
miss_in_miss 23692621
miss_in_hit 14725
hit rate = 0.0132692
zero input 4058443
zero diff 2323416
zero optimal 2323416
wb times 2380084 old: 2379944
code diff
0 3506653
1 2787886
2 5246987
3 5659872
4 3829019
5 1715008
6 522974
7 133009
8 240402
9 0
10 0
11 0
12 0
13 0
14 0
15 0
16 0
17 0
18 0
19 0
20 0
21 0
22 0
23 0
24 0
25 0
26 0
27 0
28 0
29 0
30 0
31 0
32 0
33 0
34 0
35 0
36 0
37 0
38 0
39 0
40 0
41 0
42 0
43 0
44 0
45 0
46 0
47 0
48 0
49 0
50 0
51 0
52 0
53 0
54 0
55 0
56 0
57 0
58 0
59 0
60 0
61 0
62 0
63 0
64 0
