total times 42482994
evicted_bits 8410551454 197
optimal_bits 8410551454 197
sample_bits 0 0
sample_hit 0
evicted_is_optimal 42482994
evicted_nearby_bits 0 0
optimal_nearby_bits 0 0
nearby_times 1
hit_in_miss 132866
hit_in_hit 116258
miss_in_miss 42396289
miss_in_hit 152241
hit rate = 0.00582097
zero input 30181
zero diff 1415
zero optimal 1415
wb times 15889884 old: 15889564
code diff
0 25616201
1 6179555
2 2231347
3 441621
4 1586117
5 263492
6 1001302
7 4638954
8 524405
9 0
10 0
11 0
12 0
13 0
14 0
15 0
16 0
17 0
18 0
19 0
20 0
21 0
22 0
23 0
24 0
25 0
26 0
27 0
28 0
29 0
30 0
31 0
32 0
33 0
34 0
35 0
36 0
37 0
38 0
39 0
40 0
41 0
42 0
43 0
44 0
45 0
46 0
47 0
48 0
49 0
50 0
51 0
52 0
53 0
54 0
55 0
56 0
57 0
58 0
59 0
60 0
61 0
62 0
63 0
64 0
