total times 23653154
evicted_bits 2469669412 104
optimal_bits 2469669412 104
sample_bits 0 0
sample_hit 0
evicted_is_optimal 23653154
evicted_nearby_bits 0 0
optimal_nearby_bits 0 0
nearby_times 1
hit_in_miss 252372
hit_in_hit 55091
miss_in_miss 23704521
miss_in_hit 14169
hit rate = 0.012797
zero input 4030502
zero diff 2354120
zero optimal 2354120
wb times 2380084 old: 2379944
code diff
0 3484195
1 2591965
2 4821305
3 5498065
4 4079624
5 2095777
6 664579
7 159301
8 258343
9 0
10 0
11 0
12 0
13 0
14 0
15 0
16 0
17 0
18 0
19 0
20 0
21 0
22 0
23 0
24 0
25 0
26 0
27 0
28 0
29 0
30 0
31 0
32 0
33 0
34 0
35 0
36 0
37 0
38 0
39 0
40 0
41 0
42 0
43 0
44 0
45 0
46 0
47 0
48 0
49 0
50 0
51 0
52 0
53 0
54 0
55 0
56 0
57 0
58 0
59 0
60 0
61 0
62 0
63 0
64 0
