total times 18046800
evicted_bits 3618858435 200
optimal_bits 3618858435 200
sample_bits 0 0
sample_hit 0
evicted_is_optimal 18046800
evicted_nearby_bits 0 0
optimal_nearby_bits 0 0
nearby_times 1
hit_in_miss 950901
hit_in_hit 1347317
miss_in_miss 17696052
miss_in_hit 383516
hit rate = 0.112781
zero input 198844
zero diff 10936
zero optimal 10936
wb times 1776877 old: 1767665
code diff
0 14887761
1 2666000
2 418468
3 51126
4 10501
5 3910
6 5290
7 2548
8 1196
9 0
10 0
11 0
12 0
13 0
14 0
15 0
16 0
17 0
18 0
19 0
20 0
21 0
22 0
23 0
24 0
25 0
26 0
27 0
28 0
29 0
30 0
31 0
32 0
33 0
34 0
35 0
36 0
37 0
38 0
39 0
40 0
41 0
42 0
43 0
44 0
45 0
46 0
47 0
48 0
49 0
50 0
51 0
52 0
53 0
54 0
55 0
56 0
57 0
58 0
59 0
60 0
61 0
62 0
63 0
64 0
