total times 53634449
evicted_bits 5277740539 98
optimal_bits 5277740539 98
sample_bits 0 0
sample_hit 0
evicted_is_optimal 53634449
evicted_nearby_bits 0 0
optimal_nearby_bits 0 0
nearby_times 1
hit_in_miss 1242724
hit_in_hit 31818632
miss_in_miss 31464695
miss_in_hit 22202522
hit rate = 0.381205
zero input 13923002
zero diff 5082346
zero optimal 5082346
wb times 46549120 old: 46547846
code diff
0 35790285
1 7012528
2 6713242
3 1348590
4 815014
5 374090
6 725030
7 237191
8 618479
9 0
10 0
11 0
12 0
13 0
14 0
15 0
16 0
17 0
18 0
19 0
20 0
21 0
22 0
23 0
24 0
25 0
26 0
27 0
28 0
29 0
30 0
31 0
32 0
33 0
34 0
35 0
36 0
37 0
38 0
39 0
40 0
41 0
42 0
43 0
44 0
45 0
46 0
47 0
48 0
49 0
50 0
51 0
52 0
53 0
54 0
55 0
56 0
57 0
58 0
59 0
60 0
61 0
62 0
63 0
64 0
