total times 3583559
evicted_bits 605988263 169
optimal_bits 605988263 169
sample_bits 0 0
sample_hit 0
evicted_is_optimal 3583559
evicted_nearby_bits 0 0
optimal_nearby_bits 0 0
nearby_times 1
hit_in_miss 23692
hit_in_hit 9855090
miss_in_miss 674574
miss_in_hit 2941753
hit rate = 0.732027
zero input 311605
zero diff 34415
zero optimal 34415
wb times 6483506 old: 6483055
code diff
0 601218
1 436523
2 495305
3 533512
4 515788
5 422431
6 294402
7 160053
8 124327
9 0
10 0
11 0
12 0
13 0
14 0
15 0
16 0
17 0
18 0
19 0
20 0
21 0
22 0
23 0
24 0
25 0
26 0
27 0
28 0
29 0
30 0
31 0
32 0
33 0
34 0
35 0
36 0
37 0
38 0
39 0
40 0
41 0
42 0
43 0
44 0
45 0
46 0
47 0
48 0
49 0
50 0
51 0
52 0
53 0
54 0
55 0
56 0
57 0
58 0
59 0
60 0
61 0
62 0
63 0
64 0
