total times 18107966
evicted_bits 3633244507 200
optimal_bits 3633244507 200
sample_bits 0 0
sample_hit 0
evicted_is_optimal 18107966
evicted_nearby_bits 0 0
optimal_nearby_bits 0 0
nearby_times 1
hit_in_miss 884458
hit_in_hit 1352594
miss_in_miss 17762495
miss_in_hit 378239
hit rate = 0.109779
zero input 197697
zero diff 10648
zero optimal 10648
wb times 1776877 old: 1767665
code diff
0 14783341
1 2657549
2 568328
3 65773
4 16023
5 5912
6 5598
7 3311
8 2131
9 0
10 0
11 0
12 0
13 0
14 0
15 0
16 0
17 0
18 0
19 0
20 0
21 0
22 0
23 0
24 0
25 0
26 0
27 0
28 0
29 0
30 0
31 0
32 0
33 0
34 0
35 0
36 0
37 0
38 0
39 0
40 0
41 0
42 0
43 0
44 0
45 0
46 0
47 0
48 0
49 0
50 0
51 0
52 0
53 0
54 0
55 0
56 0
57 0
58 0
59 0
60 0
61 0
62 0
63 0
64 0
