total times 14117227
evicted_bits 1006753101 71
optimal_bits 1006753101 71
sample_bits 0 0
sample_hit 0
evicted_is_optimal 14117227
evicted_nearby_bits 0 0
optimal_nearby_bits 0 0
nearby_times 1
hit_in_miss 277501
hit_in_hit 23454823
miss_in_miss 8870450
miss_in_hit 5279545
hit rate = 0.626475
zero input 981646
zero diff 235950
zero optimal 235950
wb times 15651851 old: 15650145
code diff
0 12203821
1 1203075
2 436345
3 183589
4 64394
5 18063
6 5680
7 1755
8 505
9 0
10 0
11 0
12 0
13 0
14 0
15 0
16 0
17 0
18 0
19 0
20 0
21 0
22 0
23 0
24 0
25 0
26 0
27 0
28 0
29 0
30 0
31 0
32 0
33 0
34 0
35 0
36 0
37 0
38 0
39 0
40 0
41 0
42 0
43 0
44 0
45 0
46 0
47 0
48 0
49 0
50 0
51 0
52 0
53 0
54 0
55 0
56 0
57 0
58 0
59 0
60 0
61 0
62 0
63 0
64 0
