total times 42502987
evicted_bits 7972463279 187
optimal_bits 7972463279 187
sample_bits 0 0
sample_hit 0
evicted_is_optimal 42502987
evicted_nearby_bits 0 0
optimal_nearby_bits 0 0
nearby_times 1
hit_in_miss 170699
hit_in_hit 91200
miss_in_miss 42358456
miss_in_hit 177299
hit rate = 0.00611947
zero input 32175
zero diff 5053
zero optimal 5053
wb times 15889884 old: 15889564
code diff
0 34202667
1 4309370
2 937809
3 279323
4 218012
5 110495
6 572375
7 1860302
8 12634
9 0
10 0
11 0
12 0
13 0
14 0
15 0
16 0
17 0
18 0
19 0
20 0
21 0
22 0
23 0
24 0
25 0
26 0
27 0
28 0
29 0
30 0
31 0
32 0
33 0
34 0
35 0
36 0
37 0
38 0
39 0
40 0
41 0
42 0
43 0
44 0
45 0
46 0
47 0
48 0
49 0
50 0
51 0
52 0
53 0
54 0
55 0
56 0
57 0
58 0
59 0
60 0
61 0
62 0
63 0
64 0
