total times 37822055
evicted_bits 2406578870 63
optimal_bits 2406578870 63
sample_bits 0 0
sample_hit 0
evicted_is_optimal 37822055
evicted_nearby_bits 0 0
optimal_nearby_bits 0 0
nearby_times 1
hit_in_miss 1755545
hit_in_hit 1351513
miss_in_miss 33830663
miss_in_hit 4024160
hit rate = 0.0758524
zero input 24097
zero diff 253
zero optimal 253
wb times 18136983 old: 18132905
code diff
0 20617887
1 6314363
2 1839713
3 2520204
4 3654550
5 2336197
6 419931
7 106065
8 13145
9 0
10 0
11 0
12 0
13 0
14 0
15 0
16 0
17 0
18 0
19 0
20 0
21 0
22 0
23 0
24 0
25 0
26 0
27 0
28 0
29 0
30 0
31 0
32 0
33 0
34 0
35 0
36 0
37 0
38 0
39 0
40 0
41 0
42 0
43 0
44 0
45 0
46 0
47 0
48 0
49 0
50 0
51 0
52 0
53 0
54 0
55 0
56 0
57 0
58 0
59 0
60 0
61 0
62 0
63 0
64 0
