total times 63111429
evicted_bits 5327818739 84
optimal_bits 5327818739 84
sample_bits 0 0
sample_hit 0
evicted_is_optimal 63111429
evicted_nearby_bits 0 0
optimal_nearby_bits 0 0
nearby_times 1
hit_in_miss 2083373
hit_in_hit 21501003
miss_in_miss 30624046
miss_in_hit 32520151
hit rate = 0.271933
zero input 20384619
zero diff 8827769
zero optimal 8827769
wb times 46549120 old: 46547846
code diff
0 50581311
1 7355397
2 4462745
3 521900
4 147865
5 17347
6 17882
7 3986
8 2996
9 0
10 0
11 0
12 0
13 0
14 0
15 0
16 0
17 0
18 0
19 0
20 0
21 0
22 0
23 0
24 0
25 0
26 0
27 0
28 0
29 0
30 0
31 0
32 0
33 0
34 0
35 0
36 0
37 0
38 0
39 0
40 0
41 0
42 0
43 0
44 0
45 0
46 0
47 0
48 0
49 0
50 0
51 0
52 0
53 0
54 0
55 0
56 0
57 0
58 0
59 0
60 0
61 0
62 0
63 0
64 0
