total times 18318169
evicted_bits 3678507522 200
optimal_bits 3678507522 200
sample_bits 0 0
sample_hit 0
evicted_is_optimal 18318169
evicted_nearby_bits 0 0
optimal_nearby_bits 0 0
nearby_times 1
hit_in_miss 683891
hit_in_hit 1342958
miss_in_miss 17963062
miss_in_hit 387875
hit rate = 0.0994637
zero input 193036
zero diff 10259
zero optimal 10259
wb times 1776877 old: 1767665
code diff
0 14306127
1 2866667
2 922442
3 145351
4 38001
5 22106
6 10506
7 1051
8 5918
9 0
10 0
11 0
12 0
13 0
14 0
15 0
16 0
17 0
18 0
19 0
20 0
21 0
22 0
23 0
24 0
25 0
26 0
27 0
28 0
29 0
30 0
31 0
32 0
33 0
34 0
35 0
36 0
37 0
38 0
39 0
40 0
41 0
42 0
43 0
44 0
45 0
46 0
47 0
48 0
49 0
50 0
51 0
52 0
53 0
54 0
55 0
56 0
57 0
58 0
59 0
60 0
61 0
62 0
63 0
64 0
