total times 66132530
evicted_bits 5232455609 79
optimal_bits 5232455609 79
sample_bits 0 0
sample_hit 0
evicted_is_optimal 66132530
evicted_nearby_bits 0 0
optimal_nearby_bits 0 0
nearby_times 1
hit_in_miss 2507640
hit_in_hit 18055635
miss_in_miss 30199779
miss_in_hit 35965519
hit rate = 0.237099
zero input 22802428
zero diff 11386015
zero optimal 11386015
wb times 46549120 old: 46547846
code diff
0 56654303
1 6139791
2 2998108
3 270114
4 45196
5 8898
6 13987
7 1300
8 833
9 0
10 0
11 0
12 0
13 0
14 0
15 0
16 0
17 0
18 0
19 0
20 0
21 0
22 0
23 0
24 0
25 0
26 0
27 0
28 0
29 0
30 0
31 0
32 0
33 0
34 0
35 0
36 0
37 0
38 0
39 0
40 0
41 0
42 0
43 0
44 0
45 0
46 0
47 0
48 0
49 0
50 0
51 0
52 0
53 0
54 0
55 0
56 0
57 0
58 0
59 0
60 0
61 0
62 0
63 0
64 0
