total times 14917539
evicted_bits 1036099493 69
optimal_bits 1036099493 69
sample_bits 0 0
sample_hit 0
evicted_is_optimal 14917539
evicted_nearby_bits 0 0
optimal_nearby_bits 0 0
nearby_times 1
hit_in_miss 280497
hit_in_hit 22651515
miss_in_miss 8867454
miss_in_hit 6082853
hit rate = 0.605349
zero input 984663
zero diff 263524
zero optimal 263524
wb times 15651851 old: 15650145
code diff
0 13201198
1 1084697
2 415027
3 150439
4 45326
5 13654
6 5050
7 1737
8 411
9 0
10 0
11 0
12 0
13 0
14 0
15 0
16 0
17 0
18 0
19 0
20 0
21 0
22 0
23 0
24 0
25 0
26 0
27 0
28 0
29 0
30 0
31 0
32 0
33 0
34 0
35 0
36 0
37 0
38 0
39 0
40 0
41 0
42 0
43 0
44 0
45 0
46 0
47 0
48 0
49 0
50 0
51 0
52 0
53 0
54 0
55 0
56 0
57 0
58 0
59 0
60 0
61 0
62 0
63 0
64 0
