total times 42508873
evicted_bits 7837857013 184
optimal_bits 7837857013 184
sample_bits 0 0
sample_hit 0
evicted_is_optimal 42508873
evicted_nearby_bits 0 0
optimal_nearby_bits 0 0
nearby_times 1
hit_in_miss 166822
hit_in_hit 89191
miss_in_miss 42362333
miss_in_hit 179308
hit rate = 0.00598194
zero input 34117
zero diff 5026
zero optimal 5026
wb times 15889884 old: 15889564
code diff
0 32335537
1 6467322
2 2131253
3 387195
4 327917
5 121890
6 395838
7 323666
8 18255
9 0
10 0
11 0
12 0
13 0
14 0
15 0
16 0
17 0
18 0
19 0
20 0
21 0
22 0
23 0
24 0
25 0
26 0
27 0
28 0
29 0
30 0
31 0
32 0
33 0
34 0
35 0
36 0
37 0
38 0
39 0
40 0
41 0
42 0
43 0
44 0
45 0
46 0
47 0
48 0
49 0
50 0
51 0
52 0
53 0
54 0
55 0
56 0
57 0
58 0
59 0
60 0
61 0
62 0
63 0
64 0
