total times 17754594
evicted_bits 3559269405 200
optimal_bits 3559269405 200
sample_bits 0 0
sample_hit 0
evicted_is_optimal 17754594
evicted_nearby_bits 0 0
optimal_nearby_bits 0 0
nearby_times 1
hit_in_miss 1252678
hit_in_hit 1337746
miss_in_miss 17394275
miss_in_hit 393087
hit rate = 0.12712
zero input 200443
zero diff 12666
zero optimal 12666
wb times 1776877 old: 1767665
code diff
0 15475530
1 1995154
2 243219
3 25014
4 4754
5 2901
6 4149
7 3598
8 275
9 0
10 0
11 0
12 0
13 0
14 0
15 0
16 0
17 0
18 0
19 0
20 0
21 0
22 0
23 0
24 0
25 0
26 0
27 0
28 0
29 0
30 0
31 0
32 0
33 0
34 0
35 0
36 0
37 0
38 0
39 0
40 0
41 0
42 0
43 0
44 0
45 0
46 0
47 0
48 0
49 0
50 0
51 0
52 0
53 0
54 0
55 0
56 0
57 0
58 0
59 0
60 0
61 0
62 0
63 0
64 0
