total times 23904199
evicted_bits 2313779354 96
optimal_bits 2313779354 96
sample_bits 0 0
sample_hit 0
evicted_is_optimal 23904199
evicted_nearby_bits 0 0
optimal_nearby_bits 0 0
nearby_times 1
hit_in_miss 46495
hit_in_hit 42691
miss_in_miss 23910398
miss_in_hit 26569
hit rate = 0.00371204
zero input 4086724
zero diff 2872327
zero optimal 2872327
wb times 2380084 old: 2379944
code diff
0 4707202
1 3541275
2 5778260
3 5531958
4 3257541
5 982576
6 100449
7 1579
8 3359
9 0
10 0
11 0
12 0
13 0
14 0
15 0
16 0
17 0
18 0
19 0
20 0
21 0
22 0
23 0
24 0
25 0
26 0
27 0
28 0
29 0
30 0
31 0
32 0
33 0
34 0
35 0
36 0
37 0
38 0
39 0
40 0
41 0
42 0
43 0
44 0
45 0
46 0
47 0
48 0
49 0
50 0
51 0
52 0
53 0
54 0
55 0
56 0
57 0
58 0
59 0
60 0
61 0
62 0
63 0
64 0
