total times 18970657
evicted_bits 3581541214 188
optimal_bits 2773321201 146
sample_bits 3553837245 187
sample_hit 2347514
evicted_is_optimal 650871
evicted_nearby_bits 0 0
optimal_nearby_bits 0 0
nearby_times 1
hit_in_miss 5837
hit_in_hit 1368524
miss_in_miss 18641116
miss_in_hit 362309
hit rate = 0.0674441
zero input 223890
zero diff 1754
zero optimal 142113
wb times 1776877 old: 1767665
0 756375
1 752307
2 675108
3 668175
4 626770
5 622218
6 596858
7 574051
8 574427
9 588457
10 575179
11 575158
12 561918
13 567504
14 560650
15 569378
16 558051
17 561842
18 567858
19 575022
20 571108
21 570222
22 572286
23 569181
24 570091
25 570744
26 569803
27 574418
28 569897
29 570136
30 569036
31 586429
