total times 5194883
evicted_bits 631681757 121
optimal_bits 507026528 97
sample_bits 631755286 121
sample_hit 532567
evicted_is_optimal 181348
evicted_nearby_bits 0 0
optimal_nearby_bits 0 0
nearby_times 1
hit_in_miss 17791
hit_in_hit 3169405
miss_in_miss 2835638
miss_in_hit 2392013
hit rate = 0.378759
zero input 29857
zero diff 133
zero optimal 13825
wb times 8081536 old: 8081383
0 192659
1 168689
2 156770
3 162884
4 166189
5 159434
6 169303
7 168550
8 166660
9 160687
10 156344
11 159327
12 155290
13 157011
14 164665
15 155870
16 158739
17 159015
18 157977
19 159265
20 162027
21 156927
22 156989
23 161086
24 163660
25 161601
26 160146
27 161514
28 165331
29 163869
30 165672
31 160733
