total times 49609532
evicted_bits 3924201654 79
optimal_bits 1845267671 37
sample_bits 3915427990 78
sample_hit 17473870
evicted_is_optimal 2567296
evicted_nearby_bits 0 0
optimal_nearby_bits 0 0
nearby_times 1
hit_in_miss 37387
hit_in_hit 3776410
miss_in_miss 9884290
miss_in_hit 39758010
hit rate = 0.0713445
zero input 2517671
zero diff 689676
zero optimal 3477824
wb times 1424942 old: 1424580
0 2102564
1 1944369
2 1736100
3 1704116
4 1702599
5 1581567
6 1627932
7 1589700
8 1611528
9 1576002
10 1519870
11 1505257
12 1516304
13 1495810
14 1502539
15 1486832
16 1463143
17 1466103
18 1460647
19 1463092
20 1438030
21 1430431
22 1459929
23 1450779
24 1445548
25 1458324
26 1470651
27 1470761
28 1475059
29 1475559
30 1473795
31 1504592
