total times 40416121
evicted_bits 2413034206 59
optimal_bits 970411918 24
sample_bits 2381934544 58
sample_hit 16698719
evicted_is_optimal 1182626
evicted_nearby_bits 0 0
optimal_nearby_bits 0 0
nearby_times 1
hit_in_miss 42172
hit_in_hit 470820
miss_in_miss 35544036
miss_in_hit 4904853
hit rate = 0.0125236
zero input 23857
zero diff 121
zero optimal 14391
wb times 18136983 old: 18132905
0 2753898
1 2407341
2 2252446
3 2105831
4 1960271
5 1785245
6 1649360
7 1392214
8 1309925
9 1249553
10 1186245
11 1135193
12 1094026
13 1055974
14 1029820
15 1009515
16 996363
17 976831
18 962713
19 949963
20 943259
21 933310
22 927084
23 919125
24 915710
25 915650
26 915204
27 917202
28 924899
29 933110
30 947889
31 960952
