total times 444477
evicted_bits 44978125 101
optimal_bits 21980216 49
sample_bits 35002285 78
sample_hit 148165
evicted_is_optimal 42663
evicted_nearby_bits 0 0
optimal_nearby_bits 0 0
nearby_times 1
hit_in_miss 4
hit_in_hit 2414555
miss_in_miss 340012
miss_in_hit 137233
hit rate = 0.834966
zero input 67978
zero diff 8977
zero optimal 70505
wb times 1803018 old: 1802101
0 15096
1 16708
2 18001
3 18058
4 18068
5 18082
6 17593
7 17061
8 16648
9 16633
10 15873
11 15423
12 15365
13 14666
14 14204
15 13862
16 13586
17 13005
18 12340
19 12358
20 11932
21 11409
22 11405
23 11291
24 10875
25 10899
26 10792
27 10702
28 10689
29 10552
30 10556
31 10745
