total times 3055078
evicted_bits 464071123 151
optimal_bits 324955173 106
sample_bits 477445122 156
sample_hit 592379
evicted_is_optimal 222345
evicted_nearby_bits 0 0
optimal_nearby_bits 0 0
nearby_times 1
hit_in_miss 0
hit_in_hit 10407263
miss_in_miss 698266
miss_in_hit 2389580
hit rate = 0.771188
zero input 295471
zero diff 6607
zero optimal 236719
wb times 6483506 old: 6483055
0 220701
1 154453
2 131539
3 118057
4 109379
5 106747
6 103881
7 100854
8 95582
9 86802
10 82702
11 80667
12 76399
13 73274
14 72412
15 70566
16 69458
17 69116
18 68956
19 69350
20 70173
21 70832
22 71951
23 76283
24 80397
25 85653
26 91258
27 95524
28 100323
29 108185
30 115290
31 128314
