total times 23942404
evicted_bits 2511511343 104
optimal_bits 1110462605 46
sample_bits 2498897679 104
sample_hit 6201232
evicted_is_optimal 2982518
evicted_nearby_bits 0 0
optimal_nearby_bits 0 0
nearby_times 1
hit_in_miss 1483
hit_in_hit 49498
miss_in_miss 23955410
miss_in_hit 19762
hit rate = 0.0021219
zero input 4086266
zero diff 1944069
zero optimal 5484237
wb times 2380084 old: 2379944
0 687732
1 299089
2 337833
3 483096
4 695761
5 1187868
6 1505839
7 1067739
8 680095
9 706693
10 629835
11 764721
12 866341
13 860317
14 793097
15 571226
16 498217
17 578837
18 658579
19 826783
20 789551
21 763715
22 685599
23 601647
24 686694
25 652265
26 792394
27 878683
28 822793
29 908190
30 762936
31 898239
