total times 46921435
evicted_bits 4273979329 91
optimal_bits 1578863181 33
sample_bits 4198786423 89
sample_hit 19942771
evicted_is_optimal 6436723
evicted_nearby_bits 0 0
optimal_nearby_bits 0 0
nearby_times 1
hit_in_miss 24745
hit_in_hit 39749625
miss_in_miss 32682674
miss_in_hit 14271529
hit rate = 0.458607
zero input 9987612
zero diff 4033886
zero optimal 12090402
wb times 46549120 old: 46547846
0 2964050
1 3332426
2 3029575
3 2413579
4 2285999
5 2119211
6 1932031
7 1641859
8 1416420
9 1314517
10 1262763
11 1166429
12 1957373
13 1127006
14 1845876
15 1010373
16 967173
17 931832
18 893550
19 896155
20 865588
21 865776
22 862612
23 861123
24 873830
25 1135106
26 963597
27 1017816
28 1096795
29 1365287
30 1234035
31 1271673
