total times 11030431
evicted_bits 468710634 42
optimal_bits 235205806 21
sample_bits 454109660 41
sample_hit 5619296
evicted_is_optimal 2728778
evicted_nearby_bits 0 0
optimal_nearby_bits 0 0
nearby_times 1
hit_in_miss 954
hit_in_hit 90867411
miss_in_miss 10795344
miss_in_hit 267855
hit rate = 0.891464
zero input 2574041
zero diff 1862359
zero optimal 3830100
wb times 93662671 old: 93662181
0 690301
1 605546
2 557486
3 504657
4 464777
5 437661
6 399787
7 370769
8 358888
9 350860
10 369036
11 336217
12 324723
13 311868
14 302338
15 294636
16 293078
17 284967
18 276252
19 273450
20 273579
21 269193
22 278401
23 278285
24 266241
25 263695
26 260486
27 261691
28 264712
29 262223
30 268725
31 275903
