total times 64195537
evicted_bits 634981622 9
optimal_bits 289284198 4
sample_bits 1015834247 15
sample_hit 5218504
evicted_is_optimal 20732253
evicted_nearby_bits 0 0
optimal_nearby_bits 0 0
nearby_times 1
hit_in_miss 1
hit_in_hit 76554
miss_in_miss 64223184
miss_in_hit 5121
hit rate = 0.0011905
zero input 15243
zero diff 0
zero optimal 9133
wb times 24895044 old: 24895013
0 7301541
1 12049598
2 82377
3 18461455
4 203660
5 58836
6 38108
7 11428441
8 177015
9 16326
10 13753
11 8775
12 6653
13 3871
14 6052
15 10243398
16 361593
17 22324
18 10751
19 5960
20 5190
21 4057
22 2570
23 65466
24 16392
25 6063
26 9020
27 6892
28 9597
29 6629
30 15080
31 3548094
