total times 9711108
evicted_bits 760751987 78
optimal_bits 352034670 36
sample_bits 739538095 76
sample_hit 2526143
evicted_is_optimal 680172
evicted_nearby_bits 0 0
optimal_nearby_bits 0 0
nearby_times 1
hit_in_miss 264140
hit_in_hit 27874303
miss_in_miss 8883811
miss_in_hit 860065
hit rate = 0.742786
zero input 952748
zero diff 210463
zero optimal 923446
wb times 15651851 old: 15650145
0 1402160
1 921967
2 624441
3 546770
4 436201
5 388328
6 339252
7 271864
8 250374
9 225485
10 215083
11 215913
12 203182
13 200003
14 197337
15 205661
16 194298
17 197456
18 191171
19 194155
20 185305
21 181405
22 178067
23 180872
24 176266
25 175076
26 184006
27 183764
28 184808
29 190121
30 208013
31 262304
