total times 7939269
evicted_bits 1361241457 171
optimal_bits 882159408 111
sample_bits 1346189794 169
sample_hit 2409647
evicted_is_optimal 759086
evicted_nearby_bits 0 0
optimal_nearby_bits 0 0
nearby_times 1
hit_in_miss 36610
hit_in_hit 520235
miss_in_miss 6898608
miss_in_hit 1073429
hit rate = 0.0652893
zero input 1670724
zero diff 532643
zero optimal 2067746
wb times 2535786 old: 2532010
0 368792
1 314102
2 295242
3 311030
4 275074
5 358832
6 224050
7 227418
8 229465
9 318149
10 231800
11 235436
12 179938
13 177987
14 186813
15 177358
16 190302
17 228832
18 238487
19 371921
20 245764
21 226490
22 226157
23 206035
24 197025
25 201681
26 206523
27 223040
28 236366
29 284514
30 333952
31 210694
