total times 6931026
evicted_bits 932062011 134
optimal_bits 740131385 106
sample_bits 1136148176 163
sample_hit 1049703
evicted_is_optimal 693603
evicted_nearby_bits 683184514 129
optimal_nearby_bits 581237991 110
nearby_times 5269758
hit_in_miss 2
hit_in_hit 6531313
miss_in_miss 698264
miss_in_hit 6265530
hit rate = 0.483976
zero input 340980
zero diff 133075
zero optimal 416253
wb times 6483506 old: 6483055
0 655686
1 391611
2 269977
3 199357
4 184394
5 176955
6 165318
7 158794
8 152596
9 147856
10 143204
11 138320
12 130919
13 124922
14 120756
15 113403
16 109793
17 107492
18 101571
19 99210
20 98852
21 93587
22 93237
23 93647
24 91057
25 91551
26 92768
27 88768
28 88920
29 89707
30 87288
31 87170
32 87155
33 83417
34 81791
35 80885
36 78356
37 76621
38 77161
39 74292
40 71866
41 71935
42 70341
43 67078
44 66258
45 65509
46 62790
47 63087
48 61722
49 59222
50 58796
51 57833
52 57116
53 57546
54 57274
55 56472
56 56979
57 56661
58 57948
59 57488
60 59879
61 62328
62 65465
63 81069
