total times 8157784
evicted_bits 936064504 114
optimal_bits 760251115 93
sample_bits 991851483 121
sample_hit 727883
evicted_is_optimal 371012
evicted_nearby_bits 561505717 110
optimal_nearby_bits 471574113 92
nearby_times 5072358
hit_in_miss 1843
hit_in_hit 222452
miss_in_miss 2851586
miss_in_hit 5338966
hit rate = 0.0266547
zero input 36672
zero diff 42444
zero optimal 74486
wb times 8081536 old: 8081383
0 498245
1 225861
2 134692
3 115630
4 123249
5 116455
6 118093
7 128392
8 124259
9 116982
10 117687
11 122692
12 116953
13 117526
14 122735
15 115560
16 114527
17 121779
18 114045
19 118695
20 127828
21 120183
22 122602
23 129991
24 119049
25 119776
26 124063
27 116942
28 119053
29 121543
30 116908
31 118562
32 122299
33 116136
34 118962
35 122089
36 113973
37 116584
38 120455
39 116933
40 118646
41 123719
42 119950
43 121726
44 124732
45 118649
46 119626
47 123042
48 115095
49 116123
50 121101
51 116917
52 118640
53 121893
54 118276
55 118505
56 120861
57 115322
58 115819
59 119207
60 117859
61 116906
62 120843
63 126339
