total times 6959580
evicted_bits 929324999 133
optimal_bits 738337724 106
sample_bits 1142737048 164
sample_hit 1060626
evicted_is_optimal 702781
evicted_nearby_bits 682705532 128
optimal_nearby_bits 580408810 109
nearby_times 5311181
hit_in_miss 2
hit_in_hit 6502759
miss_in_miss 698264
miss_in_hit 6294084
hit rate = 0.481861
zero input 342499
zero diff 139570
zero optimal 417330
wb times 6483506 old: 6483055
0 657018
1 392010
2 271410
3 200415
4 185451
5 178270
6 166665
7 159853
8 153712
9 149516
10 144340
11 139610
12 132260
13 126801
14 122071
15 114578
16 110768
17 108573
18 103063
19 100104
20 99692
21 94716
22 93910
23 94614
24 91616
25 92298
26 93635
27 89616
28 89574
29 90241
30 87704
31 87542
32 87608
33 83630
34 82403
35 80728
36 78497
37 76593
38 76535
39 74357
40 71257
41 71310
42 69773
43 66037
44 65780
45 65335
46 62759
47 61925
48 61282
49 59237
50 58052
51 57784
52 56732
53 58001
54 56756
55 56678
56 57299
57 56460
58 57693
59 57912
60 60264
61 62740
62 66174
63 80343
