total times 8195808
evicted_bits 976595542 119
optimal_bits 761331464 92
sample_bits 994765626 121
sample_hit 749125
evicted_is_optimal 210864
evicted_nearby_bits 694292781 118
optimal_nearby_bits 545065092 92
nearby_times 5877780
hit_in_miss 0
hit_in_hit 186271
miss_in_miss 2853429
miss_in_hit 5375147
hit rate = 0.022136
zero input 34884
zero diff 45574
zero optimal 79031
wb times 8081536 old: 8081383
0 517678
1 261706
2 161322
3 136293
4 141248
5 116263
6 114335
7 113845
8 121907
9 122251
10 113250
11 112639
12 113470
13 117660
14 122118
15 115249
16 116032
17 116990
18 123142
19 128115
20 122281
21 121485
22 120739
23 123136
24 124259
25 119854
26 117937
27 116797
28 118748
29 121048
30 117614
31 113278
32 113266
33 116104
34 121237
35 117800
36 113762
37 112592
38 115843
39 120070
40 118336
41 118986
42 117935
43 117866
44 119975
45 116879
46 116295
47 115594
48 117173
49 121669
50 119940
51 117191
52 115042
53 115421
54 118501
55 116968
56 116192
57 115586
58 116612
59 121523
60 120210
61 119737
62 122205
63 126609
