total times 7516744
evicted_bits 971199172 129
optimal_bits 777802836 103
sample_bits 1285863618 171
sample_hit 1170859
evicted_is_optimal 731234
evicted_nearby_bits 805562566 126
optimal_nearby_bits 671364677 105
nearby_times 6391911
hit_in_miss 1
hit_in_hit 5945596
miss_in_miss 698265
miss_in_hit 6851247
hit rate = 0.440574
zero input 341522
zero diff 224644
zero optimal 444930
wb times 6483506 old: 6483055
0 672835
1 451771
2 364969
3 312339
4 269506
5 195707
6 184621
7 176771
8 170095
9 165189
10 152932
11 144068
12 139192
13 134956
14 132257
15 125025
16 119786
17 116154
18 114020
19 113841
20 106674
21 105515
22 104178
23 103951
24 103564
25 100552
26 99246
27 98912
28 96653
29 95891
30 94833
31 92242
32 90155
33 85749
34 81464
35 82137
36 75845
37 76198
38 71088
39 65724
40 68842
41 62863
42 62224
43 60907
44 57877
45 57944
46 56684
47 58651
48 55062
49 52510
50 54514
51 54517
52 55095
53 55598
54 52318
55 52415
56 52554
57 56333
58 59518
59 56295
60 60859
61 63614
62 71135
63 91810
