total times 42676272
evicted_bits 7269607614 170
optimal_bits 5947384178 139
sample_bits 7213587905 169
sample_hit 5398155
evicted_is_optimal 1443473
evicted_nearby_bits 0 0
optimal_nearby_bits 0 0
nearby_times 1
hit_in_miss 72
hit_in_hit 88542
miss_in_miss 42529083
miss_in_hit 179957
hit rate = 0.00207053
zero input 35303
zero diff 904
zero optimal 23085
wb times 15889884 old: 15889564
0 2049308
1 2051677
2 2262844
3 2173895
4 2613533
5 2439735
6 1863581
7 991764
8 1050916
9 1253681
10 1233295
11 1093354
12 1089353
13 961909
14 1028421
15 1242021
16 1115631
17 958288
18 1085283
19 1046209
20 1189136
21 1198420
22 1042821
23 965420
24 967371
25 1222252
26 1191840
27 1018182
28 1025551
29 1002119
30 1055534
31 1192928
