total times 82407621
evicted_bits 7680825962 93
optimal_bits 3959662917 48
sample_bits 7508824981 91
sample_hit 10222266
evicted_is_optimal 1724931
evicted_nearby_bits 0 0
optimal_nearby_bits 0 0
nearby_times 1
hit_in_miss 12184
hit_in_hit 148807
miss_in_miss 82430230
miss_in_hit 10159
hit rate = 0.00194901
zero input 30889
zero diff 14864
zero optimal 15632046
wb times 61849448 old: 61849378
0 1685331
1 2931511
2 5795690
3 3353972
4 3357484
5 2478918
6 877899
7 1551834
8 1577843
9 595948
10 1509532
11 1373087
12 852742
13 2102959
14 2378205
15 1800068
16 5850562
17 3148453
18 1613084
19 17028506
20 2023386
21 2423199
22 4238287
23 1833595
24 1829993
25 1754401
26 777355
27 1092177
28 1251375
29 561979
30 1345090
31 1413156
