total times 23880313
evicted_bits 2150760119 90
optimal_bits 2150760119 90
sample_bits 0 0
sample_hit 0
evicted_is_optimal 23880313
evicted_nearby_bits 0 0
optimal_nearby_bits 0 0
nearby_times 1
hit_in_miss 85826
hit_in_hit 27246
miss_in_miss 23871067
miss_in_hit 42014
hit rate = 0.0047062
zero input 4076288
zero diff 2840125
zero optimal 2840125
wb times 2380084 old: 2379944
code diff
0 4332698
1 4578587
2 8133999
3 5450085
4 1284457
5 97917
6 2498
7 67
8 5
9 0
10 0
11 0
12 0
13 0
14 0
15 0
16 0
17 0
18 0
19 0
20 0
21 0
22 0
23 0
24 0
25 0
26 0
27 0
28 0
29 0
30 0
31 0
32 0
33 0
34 0
35 0
36 0
37 0
38 0
39 0
40 0
41 0
42 0
43 0
44 0
45 0
46 0
47 0
48 0
49 0
50 0
51 0
52 0
53 0
54 0
55 0
56 0
57 0
58 0
59 0
60 0
61 0
62 0
63 0
64 0
