total times 17834915
evicted_bits 3604656201 202
optimal_bits 3604656201 202
sample_bits 0 0
sample_hit 0
evicted_is_optimal 17834915
evicted_nearby_bits 0 0
optimal_nearby_bits 0 0
nearby_times 1
hit_in_miss 1140437
hit_in_hit 1369666
miss_in_miss 17506516
miss_in_hit 361167
hit rate = 0.123178
zero input 165311
zero diff 10193
zero optimal 10193
wb times 1776877 old: 1767665
code diff
0 14329374
1 2681187
2 629098
3 112870
4 28322
5 13044
6 16439
7 12515
8 12066
9 0
10 0
11 0
12 0
13 0
14 0
15 0
16 0
17 0
18 0
19 0
20 0
21 0
22 0
23 0
24 0
25 0
26 0
27 0
28 0
29 0
30 0
31 0
32 0
33 0
34 0
35 0
36 0
37 0
38 0
39 0
40 0
41 0
42 0
43 0
44 0
45 0
46 0
47 0
48 0
49 0
50 0
51 0
52 0
53 0
54 0
55 0
56 0
57 0
58 0
59 0
60 0
61 0
62 0
63 0
64 0
