total times 23898075
evicted_bits 2364094871 98
optimal_bits 2364094871 98
sample_bits 0 0
sample_hit 0
evicted_is_optimal 23898075
evicted_nearby_bits 0 0
optimal_nearby_bits 0 0
nearby_times 1
hit_in_miss 50727
hit_in_hit 44583
miss_in_miss 23906166
miss_in_hit 24677
hit rate = 0.00396693
zero input 4074623
zero diff 2808888
zero optimal 2808888
wb times 2380084 old: 2379944
code diff
0 4308560
1 3377669
2 5759960
3 5545794
4 3403405
5 1253856
6 228451
7 5293
8 15087
9 0
10 0
11 0
12 0
13 0
14 0
15 0
16 0
17 0
18 0
19 0
20 0
21 0
22 0
23 0
24 0
25 0
26 0
27 0
28 0
29 0
30 0
31 0
32 0
33 0
34 0
35 0
36 0
37 0
38 0
39 0
40 0
41 0
42 0
43 0
44 0
45 0
46 0
47 0
48 0
49 0
50 0
51 0
52 0
53 0
54 0
55 0
56 0
57 0
58 0
59 0
60 0
61 0
62 0
63 0
64 0
