total times 34734531
evicted_bits 3313119408 95
optimal_bits 3313119408 95
sample_bits 0 0
sample_hit 0
evicted_is_optimal 34734531
evicted_nearby_bits 0 0
optimal_nearby_bits 0 0
nearby_times 1
hit_in_miss 5113898
hit_in_hit 46814608
miss_in_miss 27593521
miss_in_hit 7206546
hit rate = 0.598747
zero input 7839887
zero diff 2549600
zero optimal 2549600
wb times 46549120 old: 46547846
code diff
0 22758736
1 5833775
2 5127622
3 606864
4 244545
5 50828
6 81555
7 6232
8 24374
9 0
10 0
11 0
12 0
13 0
14 0
15 0
16 0
17 0
18 0
19 0
20 0
21 0
22 0
23 0
24 0
25 0
26 0
27 0
28 0
29 0
30 0
31 0
32 0
33 0
34 0
35 0
36 0
37 0
38 0
39 0
40 0
41 0
42 0
43 0
44 0
45 0
46 0
47 0
48 0
49 0
50 0
51 0
52 0
53 0
54 0
55 0
56 0
57 0
58 0
59 0
60 0
61 0
62 0
63 0
64 0
