total times 7879753
evicted_bits 1313425257 166
optimal_bits 1313425257 166
sample_bits 0 0
sample_hit 0
evicted_is_optimal 7879753
evicted_nearby_bits 0 0
optimal_nearby_bits 0 0
nearby_times 1
hit_in_miss 100270
hit_in_hit 516091
miss_in_miss 6834948
miss_in_hit 1077573
hit rate = 0.0722675
zero input 1547124
zero diff 1426981
zero optimal 1426981
wb times 2535786 old: 2532010
code diff
0 6607279
1 771734
2 315528
3 90852
4 11794
5 12584
6 20871
7 31409
8 17702
9 0
10 0
11 0
12 0
13 0
14 0
15 0
16 0
17 0
18 0
19 0
20 0
21 0
22 0
23 0
24 0
25 0
26 0
27 0
28 0
29 0
30 0
31 0
32 0
33 0
34 0
35 0
36 0
37 0
38 0
39 0
40 0
41 0
42 0
43 0
44 0
45 0
46 0
47 0
48 0
49 0
50 0
51 0
52 0
53 0
54 0
55 0
56 0
57 0
58 0
59 0
60 0
61 0
62 0
63 0
64 0
