total times 34261520
evicted_bits 1440805786 42
optimal_bits 1440805786 42
sample_bits 0 0
sample_hit 0
evicted_is_optimal 34261520
evicted_nearby_bits 0 0
optimal_nearby_bits 0 0
nearby_times 1
hit_in_miss 4445835
hit_in_hit 2221758
miss_in_miss 31140373
miss_in_hit 3153915
hit rate = 0.162776
zero input 22675
zero diff 1436
zero optimal 1436
wb times 18136983 old: 18132905
code diff
0 25301504
1 6215630
2 1316453
3 852595
4 445004
5 123597
6 6443
7 285
8 9
9 0
10 0
11 0
12 0
13 0
14 0
15 0
16 0
17 0
18 0
19 0
20 0
21 0
22 0
23 0
24 0
25 0
26 0
27 0
28 0
29 0
30 0
31 0
32 0
33 0
34 0
35 0
36 0
37 0
38 0
39 0
40 0
41 0
42 0
43 0
44 0
45 0
46 0
47 0
48 0
49 0
50 0
51 0
52 0
53 0
54 0
55 0
56 0
57 0
58 0
59 0
60 0
61 0
62 0
63 0
64 0
