total times 13853813
evicted_bits 513251915 37
optimal_bits 513251915 37
sample_bits 0 0
sample_hit 0
evicted_is_optimal 13853813
evicted_nearby_bits 0 0
optimal_nearby_bits 0 0
nearby_times 1
hit_in_miss 138374
hit_in_hit 87906609
miss_in_miss 10657924
miss_in_hit 3228657
hit rate = 0.863766
zero input 5095014
zero diff 4423152
zero optimal 4423152
wb times 93662671 old: 93662181
code diff
0 12647174
1 1189192
2 10465
3 3076
4 2027
5 918
6 431
7 355
8 175
9 0
10 0
11 0
12 0
13 0
14 0
15 0
16 0
17 0
18 0
19 0
20 0
21 0
22 0
23 0
24 0
25 0
26 0
27 0
28 0
29 0
30 0
31 0
32 0
33 0
34 0
35 0
36 0
37 0
38 0
39 0
40 0
41 0
42 0
43 0
44 0
45 0
46 0
47 0
48 0
49 0
50 0
51 0
52 0
53 0
54 0
55 0
56 0
57 0
58 0
59 0
60 0
61 0
62 0
63 0
64 0
