total times 75696232
evicted_bits 7755059633 102
optimal_bits 7755059633 102
sample_bits 0 0
sample_hit 0
evicted_is_optimal 75696232
evicted_nearby_bits 0 0
optimal_nearby_bits 0 0
nearby_times 1
hit_in_miss 6684682
hit_in_hit 154930
miss_in_miss 75757732
miss_in_hit 4036
hit rate = 0.0828026
zero input 26889
zero diff 973470
zero optimal 973470
wb times 61849448 old: 61849378
code diff
0 32442596
1 38663916
2 4539131
3 41105
4 4822
5 1485
6 804
7 955
8 1418
9 0
10 0
11 0
12 0
13 0
14 0
15 0
16 0
17 0
18 0
19 0
20 0
21 0
22 0
23 0
24 0
25 0
26 0
27 0
28 0
29 0
30 0
31 0
32 0
33 0
34 0
35 0
36 0
37 0
38 0
39 0
40 0
41 0
42 0
43 0
44 0
45 0
46 0
47 0
48 0
49 0
50 0
51 0
52 0
53 0
54 0
55 0
56 0
57 0
58 0
59 0
60 0
61 0
62 0
63 0
64 0
