total times 15929023
evicted_bits 3291828943 206
optimal_bits 3291828943 206
sample_bits 0 0
sample_hit 0
evicted_is_optimal 15929023
evicted_nearby_bits 0 0
optimal_nearby_bits 0 0
nearby_times 1
hit_in_miss 2757881
hit_in_hit 1625346
miss_in_miss 15889072
miss_in_hit 105487
hit rate = 0.215098
zero input 107604
zero diff 11223
zero optimal 11223
wb times 1776877 old: 1767665
code diff
0 12549913
1 2519790
2 632989
3 96869
4 32854
5 20470
6 25271
7 6625
8 44242
9 0
10 0
11 0
12 0
13 0
14 0
15 0
16 0
17 0
18 0
19 0
20 0
21 0
22 0
23 0
24 0
25 0
26 0
27 0
28 0
29 0
30 0
31 0
32 0
33 0
34 0
35 0
36 0
37 0
38 0
39 0
40 0
41 0
42 0
43 0
44 0
45 0
46 0
47 0
48 0
49 0
50 0
51 0
52 0
53 0
54 0
55 0
56 0
57 0
58 0
59 0
60 0
61 0
62 0
63 0
64 0
