total times 15504370
evicted_bits 3241304193 209
optimal_bits 3241304193 209
sample_bits 0 0
sample_hit 0
evicted_is_optimal 15504370
evicted_nearby_bits 0 0
optimal_nearby_bits 0 0
nearby_times 1
hit_in_miss 3164739
hit_in_hit 1643141
miss_in_miss 15482214
miss_in_hit 87692
hit rate = 0.235937
zero input 83364
zero diff 7711
zero optimal 7711
wb times 1776877 old: 1767665
code diff
0 12775312
1 2208311
2 359777
3 61363
4 18328
5 12831
6 26757
7 21725
8 19966
9 0
10 0
11 0
12 0
13 0
14 0
15 0
16 0
17 0
18 0
19 0
20 0
21 0
22 0
23 0
24 0
25 0
26 0
27 0
28 0
29 0
30 0
31 0
32 0
33 0
34 0
35 0
36 0
37 0
38 0
39 0
40 0
41 0
42 0
43 0
44 0
45 0
46 0
47 0
48 0
49 0
50 0
51 0
52 0
53 0
54 0
55 0
56 0
57 0
58 0
59 0
60 0
61 0
62 0
63 0
64 0
