total times 62592855
evicted_bits 5186096161 82
optimal_bits 5186096161 82
sample_bits 0 0
sample_hit 0
evicted_is_optimal 62592855
evicted_nearby_bits 0 0
optimal_nearby_bits 0 0
nearby_times 1
hit_in_miss 2481616
hit_in_hit 21621334
miss_in_miss 30225803
miss_in_hit 32399820
hit rate = 0.277912
zero input 20834850
zero diff 10562879
zero optimal 10562879
wb times 46549120 old: 46547846
code diff
0 49284685
1 6943015
2 4962400
3 899308
4 296652
5 61105
6 113809
7 25358
8 6523
9 0
10 0
11 0
12 0
13 0
14 0
15 0
16 0
17 0
18 0
19 0
20 0
21 0
22 0
23 0
24 0
25 0
26 0
27 0
28 0
29 0
30 0
31 0
32 0
33 0
34 0
35 0
36 0
37 0
38 0
39 0
40 0
41 0
42 0
43 0
44 0
45 0
46 0
47 0
48 0
49 0
50 0
51 0
52 0
53 0
54 0
55 0
56 0
57 0
58 0
59 0
60 0
61 0
62 0
63 0
64 0
