total times 23888605
evicted_bits 2228071094 93
optimal_bits 2228071094 93
sample_bits 0 0
sample_hit 0
evicted_is_optimal 23888605
evicted_nearby_bits 0 0
optimal_nearby_bits 0 0
nearby_times 1
hit_in_miss 60582
hit_in_hit 44198
miss_in_miss 23896311
miss_in_hit 25062
hit rate = 0.00436108
zero input 4082099
zero diff 2855924
zero optimal 2855924
wb times 2380084 old: 2379944
code diff
0 4502685
1 4178573
2 7079601
3 5391762
4 2173367
5 479983
6 66258
7 10110
8 6266
9 0
10 0
11 0
12 0
13 0
14 0
15 0
16 0
17 0
18 0
19 0
20 0
21 0
22 0
23 0
24 0
25 0
26 0
27 0
28 0
29 0
30 0
31 0
32 0
33 0
34 0
35 0
36 0
37 0
38 0
39 0
40 0
41 0
42 0
43 0
44 0
45 0
46 0
47 0
48 0
49 0
50 0
51 0
52 0
53 0
54 0
55 0
56 0
57 0
58 0
59 0
60 0
61 0
62 0
63 0
64 0
