total times 42538978
evicted_bits 7955051710 187
optimal_bits 7955051710 187
sample_bits 0 0
sample_hit 0
evicted_is_optimal 42538978
evicted_nearby_bits 0 0
optimal_nearby_bits 0 0
nearby_times 1
hit_in_miss 132459
hit_in_hit 93449
miss_in_miss 42396696
miss_in_hit 175050
hit rate = 0.00527851
zero input 30868
zero diff 2939
zero optimal 2939
wb times 15889884 old: 15889564
code diff
0 32706015
1 5362606
2 1705570
3 372463
4 527101
5 137337
6 560706
7 1125363
8 41817
9 0
10 0
11 0
12 0
13 0
14 0
15 0
16 0
17 0
18 0
19 0
20 0
21 0
22 0
23 0
24 0
25 0
26 0
27 0
28 0
29 0
30 0
31 0
32 0
33 0
34 0
35 0
36 0
37 0
38 0
39 0
40 0
41 0
42 0
43 0
44 0
45 0
46 0
47 0
48 0
49 0
50 0
51 0
52 0
53 0
54 0
55 0
56 0
57 0
58 0
59 0
60 0
61 0
62 0
63 0
64 0
