total times 40182046
evicted_bits 3352682578 83
optimal_bits 3352682578 83
sample_bits 0 0
sample_hit 0
evicted_is_optimal 40182046
evicted_nearby_bits 0 0
optimal_nearby_bits 0 0
nearby_times 1
hit_in_miss 1297143
hit_in_hit 11944140
miss_in_miss 8624534
miss_in_hit 31590280
hit rate = 0.247704
zero input 1736864
zero diff 412552
zero optimal 412552
wb times 1424942 old: 1424580
code diff
0 40133511
1 32711
2 5370
3 1893
4 1869
5 1011
6 545
7 2087
8 3049
9 0
10 0
11 0
12 0
13 0
14 0
15 0
16 0
17 0
18 0
19 0
20 0
21 0
22 0
23 0
24 0
25 0
26 0
27 0
28 0
29 0
30 0
31 0
32 0
33 0
34 0
35 0
36 0
37 0
38 0
39 0
40 0
41 0
42 0
43 0
44 0
45 0
46 0
47 0
48 0
49 0
50 0
51 0
52 0
53 0
54 0
55 0
56 0
57 0
58 0
59 0
60 0
61 0
62 0
63 0
64 0
