total times 17807459
evicted_bits 3586312666 201
optimal_bits 3586312666 201
sample_bits 0 0
sample_hit 0
evicted_is_optimal 17807459
evicted_nearby_bits 0 0
optimal_nearby_bits 0 0
nearby_times 1
hit_in_miss 1241253
hit_in_hit 1296306
miss_in_miss 17405700
miss_in_hit 434527
hit rate = 0.124526
zero input 178569
zero diff 10289
zero optimal 10289
wb times 1776877 old: 1767665
code diff
0 14526950
1 2463904
2 620611
3 116802
4 25327
5 10548
6 16512
7 14632
8 12173
9 0
10 0
11 0
12 0
13 0
14 0
15 0
16 0
17 0
18 0
19 0
20 0
21 0
22 0
23 0
24 0
25 0
26 0
27 0
28 0
29 0
30 0
31 0
32 0
33 0
34 0
35 0
36 0
37 0
38 0
39 0
40 0
41 0
42 0
43 0
44 0
45 0
46 0
47 0
48 0
49 0
50 0
51 0
52 0
53 0
54 0
55 0
56 0
57 0
58 0
59 0
60 0
61 0
62 0
63 0
64 0
