total times 20020857
evicted_bits 516095001 25
optimal_bits 516095001 25
sample_bits 0 0
sample_hit 0
evicted_is_optimal 20020857
evicted_nearby_bits 0 0
optimal_nearby_bits 0 0
nearby_times 1
hit_in_miss 159833
hit_in_hit 81718106
miss_in_miss 10636465
miss_in_hit 9417160
hit rate = 0.803264
zero input 10972973
zero diff 10126376
zero optimal 10126376
wb times 93662671 old: 93662181
code diff
0 19378505
1 628666
2 8035
3 2708
4 1686
5 644
6 276
7 221
8 116
9 0
10 0
11 0
12 0
13 0
14 0
15 0
16 0
17 0
18 0
19 0
20 0
21 0
22 0
23 0
24 0
25 0
26 0
27 0
28 0
29 0
30 0
31 0
32 0
33 0
34 0
35 0
36 0
37 0
38 0
39 0
40 0
41 0
42 0
43 0
44 0
45 0
46 0
47 0
48 0
49 0
50 0
51 0
52 0
53 0
54 0
55 0
56 0
57 0
58 0
59 0
60 0
61 0
62 0
63 0
64 0
