total times 16147231
evicted_bits 3294120831 204
optimal_bits 3294120831 204
sample_bits 0 0
sample_hit 0
evicted_is_optimal 16147231
evicted_nearby_bits 0 0
optimal_nearby_bits 0 0
nearby_times 1
hit_in_miss 2561837
hit_in_hit 1603182
miss_in_miss 16085116
miss_in_hit 127651
hit rate = 0.20439
zero input 127896
zero diff 11005
zero optimal 11005
wb times 1776877 old: 1767665
code diff
0 12886186
1 2514762
2 610547
3 90824
4 20743
5 12938
6 8869
7 440
8 1922
9 0
10 0
11 0
12 0
13 0
14 0
15 0
16 0
17 0
18 0
19 0
20 0
21 0
22 0
23 0
24 0
25 0
26 0
27 0
28 0
29 0
30 0
31 0
32 0
33 0
34 0
35 0
36 0
37 0
38 0
39 0
40 0
41 0
42 0
43 0
44 0
45 0
46 0
47 0
48 0
49 0
50 0
51 0
52 0
53 0
54 0
55 0
56 0
57 0
58 0
59 0
60 0
61 0
62 0
63 0
64 0
