total times 21488586
evicted_bits 1319185100 61
optimal_bits 1319185100 61
sample_bits 0 0
sample_hit 0
evicted_is_optimal 21488586
evicted_nearby_bits 0 0
optimal_nearby_bits 0 0
nearby_times 1
hit_in_miss 278774
hit_in_hit 16082191
miss_in_miss 8869177
miss_in_hit 12652177
hit rate = 0.431889
zero input 1011815
zero diff 375431
zero optimal 375431
wb times 15651851 old: 15650145
code diff
0 19468698
1 1341799
2 425235
3 169178
4 58581
5 16972
6 5772
7 1819
8 532
9 0
10 0
11 0
12 0
13 0
14 0
15 0
16 0
17 0
18 0
19 0
20 0
21 0
22 0
23 0
24 0
25 0
26 0
27 0
28 0
29 0
30 0
31 0
32 0
33 0
34 0
35 0
36 0
37 0
38 0
39 0
40 0
41 0
42 0
43 0
44 0
45 0
46 0
47 0
48 0
49 0
50 0
51 0
52 0
53 0
54 0
55 0
56 0
57 0
58 0
59 0
60 0
61 0
62 0
63 0
64 0
