total times 23733405
evicted_bits 2011787038 84
optimal_bits 2011787038 84
sample_bits 0 0
sample_hit 0
evicted_is_optimal 23733405
evicted_nearby_bits 0 0
optimal_nearby_bits 0 0
nearby_times 1
hit_in_miss 174837
hit_in_hit 52375
miss_in_miss 23782056
miss_in_hit 16885
hit rate = 0.00945686
zero input 4055373
zero diff 3158271
zero optimal 3158271
wb times 2380084 old: 2379944
code diff
0 5631234
1 5825599
2 7320559
3 3907562
4 934967
5 105327
6 7817
7 261
8 79
9 0
10 0
11 0
12 0
13 0
14 0
15 0
16 0
17 0
18 0
19 0
20 0
21 0
22 0
23 0
24 0
25 0
26 0
27 0
28 0
29 0
30 0
31 0
32 0
33 0
34 0
35 0
36 0
37 0
38 0
39 0
40 0
41 0
42 0
43 0
44 0
45 0
46 0
47 0
48 0
49 0
50 0
51 0
52 0
53 0
54 0
55 0
56 0
57 0
58 0
59 0
60 0
61 0
62 0
63 0
64 0
