total times 7933494
evicted_bits 1312001278 165
optimal_bits 1312001278 165
sample_bits 0 0
sample_hit 0
evicted_is_optimal 7933494
evicted_nearby_bits 0 0
optimal_nearby_bits 0 0
nearby_times 1
hit_in_miss 114515
hit_in_hit 448105
miss_in_miss 6820703
miss_in_hit 1145559
hit rate = 0.0659664
zero input 1574970
zero diff 1472952
zero optimal 1472952
wb times 2535786 old: 2532010
code diff
0 6885835
1 748983
2 230318
3 48245
4 4442
5 5258
6 5319
7 3833
8 1261
9 0
10 0
11 0
12 0
13 0
14 0
15 0
16 0
17 0
18 0
19 0
20 0
21 0
22 0
23 0
24 0
25 0
26 0
27 0
28 0
29 0
30 0
31 0
32 0
33 0
34 0
35 0
36 0
37 0
38 0
39 0
40 0
41 0
42 0
43 0
44 0
45 0
46 0
47 0
48 0
49 0
50 0
51 0
52 0
53 0
54 0
55 0
56 0
57 0
58 0
59 0
60 0
61 0
62 0
63 0
64 0
