total times 21972671
evicted_bits 1349116779 61
optimal_bits 1349116779 61
sample_bits 0 0
sample_hit 0
evicted_is_optimal 21972671
evicted_nearby_bits 0 0
optimal_nearby_bits 0 0
nearby_times 1
hit_in_miss 271316
hit_in_hit 15605564
miss_in_miss 8876635
miss_in_hit 13128804
hit rate = 0.419111
zero input 1012771
zero diff 374326
zero optimal 374326
wb times 15651851 old: 15650145
code diff
0 19839275
1 1362709
2 487082
3 185797
4 68149
5 20684
6 6495
7 1891
8 589
9 0
10 0
11 0
12 0
13 0
14 0
15 0
16 0
17 0
18 0
19 0
20 0
21 0
22 0
23 0
24 0
25 0
26 0
27 0
28 0
29 0
30 0
31 0
32 0
33 0
34 0
35 0
36 0
37 0
38 0
39 0
40 0
41 0
42 0
43 0
44 0
45 0
46 0
47 0
48 0
49 0
50 0
51 0
52 0
53 0
54 0
55 0
56 0
57 0
58 0
59 0
60 0
61 0
62 0
63 0
64 0
