total times 23685163
evicted_bits 2256746096 95
optimal_bits 2256746096 95
sample_bits 0 0
sample_hit 0
evicted_is_optimal 23685163
evicted_nearby_bits 0 0
optimal_nearby_bits 0 0
nearby_times 1
hit_in_miss 222026
hit_in_hit 53428
miss_in_miss 23734867
miss_in_hit 15832
hit rate = 0.0114648
zero input 3974120
zero diff 2869570
zero optimal 2869570
wb times 2380084 old: 2379944
code diff
0 4834410
1 3795018
2 5659279
3 5258103
4 3030663
5 987999
6 115512
7 1658
8 2521
9 0
10 0
11 0
12 0
13 0
14 0
15 0
16 0
17 0
18 0
19 0
20 0
21 0
22 0
23 0
24 0
25 0
26 0
27 0
28 0
29 0
30 0
31 0
32 0
33 0
34 0
35 0
36 0
37 0
38 0
39 0
40 0
41 0
42 0
43 0
44 0
45 0
46 0
47 0
48 0
49 0
50 0
51 0
52 0
53 0
54 0
55 0
56 0
57 0
58 0
59 0
60 0
61 0
62 0
63 0
64 0
