total times 59904227
evicted_bits 4967858686 82
optimal_bits 4967858686 82
sample_bits 0 0
sample_hit 0
evicted_is_optimal 59904227
evicted_nearby_bits 0 0
optimal_nearby_bits 0 0
nearby_times 1
hit_in_miss 1356828
hit_in_hit 25434750
miss_in_miss 31350591
miss_in_hit 28586404
hit rate = 0.308913
zero input 19928053
zero diff 11077383
zero optimal 11077383
wb times 46549120 old: 46547846
code diff
0 45144592
1 7254079
2 5782483
3 1088370
4 455644
5 105373
6 66233
7 1992
8 5461
9 0
10 0
11 0
12 0
13 0
14 0
15 0
16 0
17 0
18 0
19 0
20 0
21 0
22 0
23 0
24 0
25 0
26 0
27 0
28 0
29 0
30 0
31 0
32 0
33 0
34 0
35 0
36 0
37 0
38 0
39 0
40 0
41 0
42 0
43 0
44 0
45 0
46 0
47 0
48 0
49 0
50 0
51 0
52 0
53 0
54 0
55 0
56 0
57 0
58 0
59 0
60 0
61 0
62 0
63 0
64 0
