total times 23890642
evicted_bits 1966290094 82
optimal_bits 1966290094 82
sample_bits 0 0
sample_hit 0
evicted_is_optimal 23890642
evicted_nearby_bits 0 0
optimal_nearby_bits 0 0
nearby_times 1
hit_in_miss 61810
hit_in_hit 40933
miss_in_miss 23895083
miss_in_hit 28327
hit rate = 0.0042763
zero input 4088890
zero diff 3275349
zero optimal 3275349
wb times 2380084 old: 2379944
code diff
0 5868988
1 6687267
2 8214211
3 2778187
4 312050
5 28048
6 1750
7 117
8 24
9 0
10 0
11 0
12 0
13 0
14 0
15 0
16 0
17 0
18 0
19 0
20 0
21 0
22 0
23 0
24 0
25 0
26 0
27 0
28 0
29 0
30 0
31 0
32 0
33 0
34 0
35 0
36 0
37 0
38 0
39 0
40 0
41 0
42 0
43 0
44 0
45 0
46 0
47 0
48 0
49 0
50 0
51 0
52 0
53 0
54 0
55 0
56 0
57 0
58 0
59 0
60 0
61 0
62 0
63 0
64 0
