total times 23894063
evicted_bits 2278415530 95
optimal_bits 2278415530 95
sample_bits 0 0
sample_hit 0
evicted_is_optimal 23894063
evicted_nearby_bits 0 0
optimal_nearby_bits 0 0
nearby_times 1
hit_in_miss 57492
hit_in_hit 41830
miss_in_miss 23899401
miss_in_hit 27430
hit rate = 0.00413391
zero input 4065635
zero diff 3004355
zero optimal 3004355
wb times 2380084 old: 2379944
code diff
0 4924912
1 3726814
2 5753583
3 5385149
4 3051303
5 941229
6 107430
7 1390
8 2253
9 0
10 0
11 0
12 0
13 0
14 0
15 0
16 0
17 0
18 0
19 0
20 0
21 0
22 0
23 0
24 0
25 0
26 0
27 0
28 0
29 0
30 0
31 0
32 0
33 0
34 0
35 0
36 0
37 0
38 0
39 0
40 0
41 0
42 0
43 0
44 0
45 0
46 0
47 0
48 0
49 0
50 0
51 0
52 0
53 0
54 0
55 0
56 0
57 0
58 0
59 0
60 0
61 0
62 0
63 0
64 0
